frame,abb_xmin,abb_ymin,abb_xmax,abb_ymax,bbb_xmin,bbb_ymin,bbb_xmax,bbb_ymax,a_nose_x,a_nose_y,a_nose_confidence,a_left_eye_x,a_left_eye_y,a_left_eye_confidence,a_right_eye_x,a_right_eye_y,a_right_eye_confidence,a_left_ear_x,a_left_ear_y,a_left_ear_confidence,a_right_ear_x,a_right_ear_y,a_right_ear_confidence,a_left_shoulder_x,a_left_shoulder_y,a_left_shoulder_confidence,a_right_shoulder_x,a_right_shoulder_y,a_right_shoulder_confidence,a_left_elbow_x,a_left_elbow_y,a_left_elbow_confidence,a_right_elbow_x,a_right_elbow_y,a_right_elbow_confidence,a_left_wrist_x,a_left_wrist_y,a_left_wrist_confidence,a_right_wrist_x,a_right_wrist_y,a_right_wrist_confidence,a_left_hip_x,a_left_hip_y,a_left_hip_confidence,a_right_hip_x,a_right_hip_y,a_right_hip_confidence,a_left_knee_x,a_left_knee_y,a_left_knee_confidence,a_right_knee_x,a_right_knee_y,a_right_knee_confidence,a_left_ankle_x,a_left_ankle_y,a_left_ankle_confidence,a_right_ankle_x,a_right_ankle_y,a_right_ankle_confidence,b_nose_x,b_nose_y,b_nose_confidence,b_left_eye_x,b_left_eye_y,b_left_eye_confidence,b_right_eye_x,b_right_eye_y,b_right_eye_confidence,b_left_ear_x,b_left_ear_y,b_left_ear_confidence,b_right_ear_x,b_right_ear_y,b_right_ear_confidence,b_left_shoulder_x,b_left_shoulder_y,b_left_shoulder_confidence,b_right_shoulder_x,b_right_shoulder_y,b_right_shoulder_confidence,b_left_elbow_x,b_left_elbow_y,b_left_elbow_confidence,b_right_elbow_x,b_right_elbow_y,b_right_elbow_confidence,b_left_wrist_x,b_left_wrist_y,b_left_wrist_confidence,b_right_wrist_x,b_right_wrist_y,b_right_wrist_confidence,b_left_hip_x,b_left_hip_y,b_left_hip_confidence,b_right_hip_x,b_right_hip_y,b_right_hip_confidence,b_left_knee_x,b_left_knee_y,b_left_knee_confidence,b_right_knee_x,b_right_knee_y,b_right_knee_confidence,b_left_ankle_x,b_left_ankle_y,b_left_ankle_confidence,b_right_ankle_x,b_right_ankle_y,b_right_ankle_confidence
0,514,318,560,409,623,359,722,519,93.0,34.0,0.3018776774406433,105.0,26.0,0.31467434763908386,79.0,28.0,0.30906417965888977,116.0,28.0,0.42700010538101196,68.0,33.0,0.282746285200119,136.0,62.0,0.47167035937309265,54.0,66.0,0.32927095890045166,189.0,94.0,0.4727427661418915,0.0,72.0,0.23003432154655457,148.0,113.0,0.5988831520080566,23.0,97.0,0.0787239670753479,117.0,132.0,0.28784626722335815,70.0,132.0,0.2950577735900879,110.0,159.0,0.5443337559700012,66.0,160.0,0.19859302043914795,120.0,219.0,0.530278742313385,69.0,193.0,0.4509059488773346,73.0,32.0,0.3947729766368866,74.0,28.0,0.49317073822021484,74.0,27.0,0.218314066529274,79.0,29.0,0.6499654650688171,113.0,27.0,0.6985900402069092,70.0,58.0,0.5612148642539978,139.0,54.0,0.6213400363922119,27.0,73.0,0.4034281075000763,179.0,71.0,0.7789103984832764,8.0,79.0,0.4301309883594513,146.0,86.0,0.4574132561683655,97.0,133.0,0.47664201259613037,139.0,131.0,0.5083304047584534,103.0,182.0,0.6399931311607361,131.0,176.0,0.6150366067886353,116.0,231.0,0.579771876335144,123.0,212.0,0.5319573283195496
1,515,318,561,409,623,359,719,519,86.0,36.0,0.39681753516197205,97.0,26.0,0.33775344491004944,75.0,28.0,0.32702526450157166,112.0,28.0,0.4673995077610016,64.0,30.0,0.2667626440525055,131.0,61.0,0.4800836443901062,52.0,66.0,0.3485533595085144,181.0,96.0,0.5217859745025635,0.0,72.0,0.23111876845359802,144.0,113.0,0.6146096587181091,68.0,38.0,0.08558328449726105,113.0,132.0,0.29950952529907227,67.0,131.0,0.30802077054977417,106.0,159.0,0.5499187707901001,62.0,160.0,0.1904183030128479,116.0,219.0,0.5321789383888245,65.0,193.0,0.43917399644851685,80.0,32.0,0.36113011837005615,77.0,26.0,0.4802970886230469,78.0,27.0,0.2034778892993927,83.0,29.0,0.6431913375854492,117.0,25.0,0.6969393491744995,74.0,58.0,0.5683531761169434,143.0,55.0,0.6110937595367432,31.0,69.0,0.4119109511375427,179.0,71.0,0.7754206657409668,2.0,72.0,0.4126444458961487,150.0,84.0,0.3988998532295227,99.0,133.0,0.4807519018650055,142.0,129.0,0.503201425075531,105.0,182.0,0.6420866250991821,135.0,176.0,0.586120069026947,117.0,229.0,0.5659826993942261,127.0,212.0,0.5090641975402832
2,517,318,560,409,622,359,717,519,85.0,38.0,0.3101601004600525,91.0,26.0,0.2861403226852417,75.0,28.0,0.31703370809555054,110.0,28.0,0.3608669936656952,60.0,28.0,0.28867173194885254,131.0,61.0,0.415115088224411,48.0,68.0,0.3174540102481842,187.0,95.0,0.44783860445022583,0.0,72.0,0.14682811498641968,146.0,113.0,0.5841641426086426,15.0,97.0,0.0695154219865799,109.0,136.0,0.26639190316200256,64.0,136.0,0.25822383165359497,105.0,160.0,0.45997896790504456,58.0,160.0,0.11703650653362274,116.0,219.0,0.4920027256011963,57.0,193.0,0.37971335649490356,80.0,28.0,0.2989645302295685,81.0,26.0,0.3852035105228424,81.0,26.0,0.13308171927928925,85.0,29.0,0.633661687374115,119.0,25.0,0.7007612586021423,78.0,58.0,0.5828431844711304,146.0,54.0,0.609261155128479,47.0,65.0,0.423721045255661,180.0,71.0,0.7573485374450684,20.0,70.0,0.4503024220466614,151.0,81.0,0.30242130160331726,99.0,133.0,0.4894401729106903,144.0,129.0,0.5044964551925659,105.0,180.0,0.6198889017105103,139.0,176.0,0.5935125946998596,120.0,230.0,0.5820348858833313,131.0,212.0,0.5797472596168518
3,517,318,560,409,618,359,715,519,76.0,46.0,0.3019135594367981,93.0,24.0,0.3505929410457611,71.0,24.0,0.33350369334220886,114.0,27.0,0.48906034231185913,56.0,28.0,0.34888702630996704,131.0,61.0,0.44895270466804504,48.0,62.0,0.30145463347435,189.0,93.0,0.45596152544021606,0.0,72.0,0.12592998147010803,146.0,111.0,0.597312867641449,15.0,97.0,0.08617702126502991,108.0,137.0,0.2677205502986908,62.0,136.0,0.2505941390991211,102.0,159.0,0.4790274202823639,54.0,160.0,0.14033010601997375,117.0,217.0,0.5030234456062317,57.0,193.0,0.4018605351448059,88.0,28.0,0.31944337487220764,88.0,28.0,0.42068687081336975,89.0,26.0,0.14768508076667786,93.0,27.0,0.6488751173019409,125.0,25.0,0.6889942288398743,83.0,56.0,0.582420825958252,151.0,54.0,0.6252948045730591,35.0,65.0,0.5832979083061218,181.0,75.0,0.6944190263748169,11.0,61.0,0.4632413387298584,156.0,74.0,0.20146708190441132,105.0,129.0,0.49799221754074097,147.0,128.0,0.5144038200378418,108.0,180.0,0.6455621719360352,143.0,174.0,0.6017704010009766,124.0,230.0,0.5970839858055115,136.0,212.0,0.608746349811554
4,509,317,560,410,618,358,714,518,101.0,34.0,0.5795931220054626,111.0,24.0,0.5835614204406738,93.0,24.0,0.5777825713157654,126.0,28.0,0.6055469512939453,79.0,27.0,0.5898340344429016,140.0,60.0,0.5548161268234253,60.0,54.0,0.4998491704463959,187.0,93.0,0.5203061699867249,13.0,71.0,0.2719704210758209,152.0,111.0,0.6418192386627197,0.0,78.0,0.26241374015808105,120.0,130.0,0.36838555335998535,77.0,130.0,0.3705459237098694,116.0,159.0,0.6018052101135254,76.0,159.0,0.24381181597709656,126.0,215.0,0.5620555877685547,79.0,191.0,0.4820968806743622,89.0,26.0,0.2689708471298218,90.0,28.0,0.38030093908309937,89.0,26.0,0.1320197433233261,95.0,28.0,0.6208581328392029,129.0,25.0,0.6543129682540894,83.0,58.0,0.5739796757698059,152.0,56.0,0.6113335490226746,33.0,65.0,0.4333019256591797,179.0,73.0,0.5243474841117859,20.0,58.0,0.5246230959892273,155.0,77.0,0.16994115710258484,103.0,131.0,0.48609477281570435,149.0,129.0,0.5024420022964478,103.0,178.0,0.6294913291931152,144.0,176.0,0.6288822889328003,124.0,230.0,0.5938426852226257,139.0,215.0,0.6109485030174255
5,507,316,560,409,619,359,713,518,105.0,34.0,0.6005374193191528,113.0,26.0,0.5887762904167175,95.0,26.0,0.5751523971557617,128.0,30.0,0.6229591965675354,83.0,29.0,0.6136244535446167,143.0,61.0,0.5575659275054932,60.0,56.0,0.5193414092063904,187.0,95.0,0.5180380344390869,17.0,72.0,0.2790626287460327,154.0,113.0,0.6306719183921814,15.0,87.0,0.30750375986099243,123.0,132.0,0.3684197664260864,80.0,132.0,0.3958812952041626,118.0,161.0,0.5984994173049927,81.0,164.0,0.21424436569213867,128.0,219.0,0.5730769634246826,81.0,193.0,0.4798486828804016,92.0,28.0,0.31632646918296814,90.0,26.0,0.4501568675041199,91.0,26.0,0.1818867176771164,95.0,26.0,0.6200159192085266,129.0,25.0,0.6304578185081482,83.0,56.0,0.5564400553703308,152.0,53.0,0.6191636919975281,24.0,62.0,0.553457498550415,181.0,71.0,0.5133037567138672,16.0,48.0,0.6662221550941467,155.0,77.0,0.17651134729385376,101.0,129.0,0.481262743473053,149.0,129.0,0.48729634284973145,97.0,178.0,0.6313450336456299,144.0,176.0,0.5936180353164673,123.0,229.0,0.5637790560722351,139.0,213.0,0.5870651602745056
6,507,315,560,409,617,358,713,518,105.0,36.0,0.5989318490028381,113.0,28.0,0.5426121950149536,96.0,28.0,0.5420703887939453,130.0,32.0,0.6032590270042419,81.0,31.0,0.5931848287582397,146.0,62.0,0.5681540966033936,61.0,57.0,0.5074926018714905,187.0,96.0,0.528127133846283,9.0,81.0,0.4330485165119171,153.0,114.0,0.5473870635032654,35.0,103.0,0.3549991548061371,122.0,128.0,0.33061930537223816,80.0,132.0,0.36458224058151245,118.0,161.0,0.5733225345611572,78.0,163.0,0.23629643023014069,128.0,219.0,0.5786150693893433,79.0,193.0,0.5140138864517212,92.0,28.0,0.2967960238456726,93.0,26.0,0.39882826805114746,93.0,26.0,0.1521100550889969,97.0,27.0,0.6185414791107178,133.0,25.0,0.650144100189209,85.0,56.0,0.5759121179580688,155.0,55.0,0.6230199933052063,22.0,63.0,0.674686849117279,181.0,77.0,0.48766928911209106,19.0,45.0,0.6985529661178589,176.0,81.0,0.16825906932353973,101.0,131.0,0.48333749175071716,149.0,129.0,0.4957248270511627,93.0,176.0,0.6344485878944397,144.0,176.0,0.60755455493927,120.0,226.0,0.5823320150375366,140.0,215.0,0.6156945824623108
7,507,315,560,410,617,358,714,518,105.0,35.0,0.5825912952423096,113.0,26.0,0.5426753163337708,95.0,26.0,0.5388861894607544,129.0,31.0,0.6067082285881042,81.0,29.0,0.6251100301742554,146.0,62.0,0.5575814843177795,59.0,57.0,0.5224714279174805,187.0,96.0,0.544920027256012,7.0,81.0,0.45623472332954407,153.0,114.0,0.5583880543708801,28.0,102.0,0.3709279000759125,122.0,128.0,0.32685035467147827,77.0,131.0,0.3264565169811249,118.0,161.0,0.5726951360702515,77.0,160.0,0.21375225484371185,128.0,215.0,0.5911612510681152,77.0,192.0,0.5326076149940491,92.0,28.0,0.3305765688419342,93.0,26.0,0.43889135122299194,93.0,26.0,0.18040548264980316,97.0,27.0,0.6155403256416321,131.0,25.0,0.655608057975769,82.0,56.0,0.5781950950622559,151.0,55.0,0.6513831615447998,18.0,63.0,0.6438758969306946,179.0,76.0,0.422673761844635,17.0,44.0,0.7044224739074707,176.0,83.0,0.3457774817943573,101.0,129.0,0.47378087043762207,147.0,129.0,0.5006681680679321,88.0,176.0,0.6353450417518616,142.0,176.0,0.6081439852714539,116.0,226.0,0.6123661398887634,139.0,215.0,0.6660580039024353
8,507,315,560,409,616,358,713,518,106.0,36.0,0.6917957067489624,115.0,28.0,0.6385822892189026,96.0,28.0,0.6351078748703003,129.0,30.0,0.6482099294662476,79.0,29.0,0.682343602180481,146.0,62.0,0.558217465877533,56.0,60.0,0.497488796710968,187.0,96.0,0.5522212982177734,9.0,81.0,0.5571903586387634,155.0,114.0,0.5845663547515869,27.0,111.0,0.4908178448677063,125.0,132.0,0.3516673743724823,76.0,128.0,0.34494179487228394,124.0,163.0,0.6130591034889221,84.0,146.0,0.5041741132736206,129.0,217.0,0.624496340751648,79.0,196.0,0.5618929266929626,92.0,28.0,0.33923473954200745,94.0,26.0,0.43505069613456726,93.0,26.0,0.17403970658779144,97.0,27.0,0.6129866242408752,132.0,26.0,0.6438055634498596,85.0,56.0,0.5769086480140686,151.0,55.0,0.6426172256469727,15.0,63.0,0.7352808713912964,180.0,76.0,0.4022321105003357,17.0,44.0,0.7258827686309814,178.0,85.0,0.4882946014404297,101.0,129.0,0.4613744020462036,147.0,129.0,0.502396821975708,84.0,174.0,0.6215301752090454,143.0,175.0,0.6022761464118958,112.0,224.0,0.6226233243942261,139.0,215.0,0.6801584959030151
9,507,316,560,408,616,358,713,517,105.0,36.0,0.6339762210845947,113.0,26.0,0.618128776550293,95.0,28.0,0.6164024472236633,126.0,32.0,0.6593735218048096,79.0,29.0,0.7006666660308838,144.0,62.0,0.5564912557601929,57.0,59.0,0.5290042161941528,187.0,95.0,0.5105574727058411,11.0,81.0,0.5835193395614624,158.0,113.0,0.6252573728561401,31.0,117.0,0.5665979981422424,125.0,134.0,0.38577762246131897,77.0,137.0,0.3817717432975769,126.0,164.0,0.6039717793464661,73.0,158.0,0.2635822296142578,128.0,219.0,0.6192463040351868,77.0,200.0,0.533051073551178,92.0,28.0,0.32937145233154297,93.0,26.0,0.41940268874168396,93.0,26.0,0.16904328763484955,97.0,25.0,0.606111466884613,131.0,25.0,0.653764009475708,82.0,56.0,0.5735237002372742,152.0,55.0,0.6346419453620911,12.0,66.0,0.7220882773399353,180.0,80.0,0.49238768219947815,15.0,47.0,0.7113166451454163,176.0,89.0,0.3705379366874695,97.0,131.0,0.4563177227973938,147.0,129.0,0.4884995222091675,77.0,176.0,0.5986201167106628,142.0,176.0,0.5952314734458923,108.0,223.0,0.6307748556137085,139.0,216.0,0.6793699264526367
10,507,317,561,407,614,358,712,516,102.0,36.0,0.615094780921936,111.0,28.0,0.5693519711494446,92.0,28.0,0.5922142267227173,126.0,31.0,0.6432542204856873,79.0,31.0,0.6799007058143616,143.0,65.0,0.548153281211853,56.0,62.0,0.498410165309906,187.0,96.0,0.5326624512672424,15.0,86.0,0.5418825745582581,154.0,116.0,0.5523412227630615,35.0,123.0,0.5582912564277649,126.0,141.0,0.3536876142024994,78.0,140.0,0.33699122071266174,126.0,166.0,0.46828460693359375,78.0,168.0,0.21931590139865875,124.0,219.0,0.567520260810852,83.0,204.0,0.5464935302734375,92.0,28.0,0.3235647976398468,94.0,26.0,0.3839326500892639,93.0,22.0,0.15287262201309204,97.0,25.0,0.6187267899513245,131.0,25.0,0.649285078048706,83.0,56.0,0.5795648694038391,155.0,57.0,0.6335203647613525,13.0,69.0,0.7505398392677307,181.0,81.0,0.5448727011680603,15.0,49.0,0.7400059700012207,172.0,95.0,0.42740365862846375,99.0,129.0,0.45086267590522766,147.0,129.0,0.49147477746009827,74.0,176.0,0.6452907919883728,143.0,176.0,0.607689619064331,103.0,225.0,0.6348455548286438,143.0,216.0,0.6926043033599854
11,508,318,561,406,614,358,712,516,104.0,36.0,0.6219104528427124,113.0,26.0,0.5748947858810425,94.0,28.0,0.6046328544616699,126.0,32.0,0.610566258430481,79.0,31.0,0.6447989344596863,144.0,66.0,0.5510257482528687,55.0,65.0,0.4896383285522461,189.0,96.0,0.5232752561569214,15.0,88.0,0.5053013563156128,153.0,118.0,0.47197479009628296,38.0,124.0,0.5240313410758972,129.0,144.0,0.3172740042209625,77.0,148.0,0.3421518802642822,133.0,170.0,0.3907497525215149,130.0,168.0,0.1769002228975296,118.0,221.0,0.4981762170791626,81.0,204.0,0.5047376155853271,89.0,28.0,0.35850048065185547,91.0,26.0,0.436523973941803,91.0,21.0,0.1866944432258606,95.0,26.0,0.6173895597457886,129.0,25.0,0.6492482423782349,81.0,56.0,0.5629889965057373,155.0,57.0,0.623580813407898,12.0,74.0,0.7351946234703064,179.0,85.0,0.5312853455543518,12.0,54.0,0.7366592288017273,164.0,99.0,0.3491497039794922,97.0,129.0,0.4438430666923523,147.0,129.0,0.49372559785842896,68.0,176.0,0.6595571041107178,143.0,177.0,0.6236271858215332,99.0,225.0,0.66539067029953,143.0,216.0,0.6986902952194214
12,509,319,565,407,611,358,710,515,98.0,34.0,0.6238192915916443,107.0,24.0,0.6045845746994019,90.0,24.0,0.6408843398094177,119.0,29.0,0.6458428502082825,75.0,29.0,0.6719329953193665,136.0,62.0,0.5469761490821838,55.0,61.0,0.49627095460891724,179.0,96.0,0.4486864507198334,17.0,83.0,0.5538046360015869,149.0,114.0,0.34909194707870483,43.0,117.0,0.5729304552078247,121.0,144.0,0.3272433578968048,70.0,147.0,0.29401353001594543,125.0,170.0,0.5495672821998596,124.0,170.0,0.22127492725849152,101.0,217.0,0.3992561399936676,69.0,204.0,0.30783843994140625,92.0,28.0,0.4125922620296478,92.0,25.0,0.44005733728408813,94.0,23.0,0.16890238225460052,97.0,25.0,0.6409007906913757,131.0,27.0,0.6621667742729187,80.0,59.0,0.5865274667739868,155.0,58.0,0.6304816603660583,14.0,78.0,0.6550334692001343,181.0,87.0,0.6097769141197205,14.0,60.0,0.7002785801887512,168.0,103.0,0.4891026020050049,101.0,131.0,0.4523555338382721,149.0,129.0,0.4955263137817383,70.0,178.0,0.6561845541000366,146.0,178.0,0.6199694871902466,96.0,227.0,0.6495209336280823,147.0,219.0,0.7253555059432983
13,509,319,566,407,608,358,708,516,102.0,32.0,0.588023841381073,110.0,24.0,0.5474796295166016,92.0,24.0,0.592598557472229,122.0,30.0,0.628561794757843,79.0,27.0,0.6349083781242371,138.0,62.0,0.53745436668396,55.0,61.0,0.4959704279899597,173.0,95.0,0.28978681564331055,21.0,81.0,0.5233407616615295,162.0,111.0,0.41452422738075256,44.0,106.0,0.5144965648651123,117.0,142.0,0.30403846502304077,68.0,144.0,0.3101608455181122,125.0,174.0,0.4872961640357971,124.0,174.0,0.18400463461875916,90.0,217.0,0.3051329255104065,64.0,208.0,0.23348157107830048,96.0,28.0,0.3666647970676422,96.0,28.0,0.45871442556381226,98.0,27.0,0.2024097591638565,99.0,28.0,0.6391924023628235,133.0,27.0,0.6590128540992737,83.0,59.0,0.6050392985343933,159.0,59.0,0.6332111954689026,20.0,82.0,0.5160420536994934,180.0,88.0,0.6281388401985168,16.0,68.0,0.6747872829437256,170.0,105.0,0.545661211013794,101.0,131.0,0.46719273924827576,151.0,129.0,0.5120940804481506,70.0,176.0,0.6717817187309265,148.0,176.0,0.6273365020751953,92.0,223.0,0.6389129161834717,149.0,217.0,0.7182981371879578
14,517,318,564,407,606,359,706,516,95.0,35.0,0.45632895827293396,107.0,22.0,0.39457109570503235,86.0,24.0,0.46525028347969055,122.0,29.0,0.5117855668067932,67.0,29.0,0.5388746857643127,140.0,66.0,0.3729320168495178,37.0,65.0,0.35018226504325867,172.0,100.0,0.14917263388633728,5.0,82.0,0.24414581060409546,178.0,107.0,0.12645043432712555,36.0,99.0,0.22447316348552704,114.0,160.0,0.2192067801952362,52.0,164.0,0.15710963308811188,113.0,180.0,0.36653241515159607,104.0,181.0,0.26283156871795654,62.0,213.0,0.23778796195983887,36.0,204.0,0.22506795823574066,96.0,28.0,0.34154507517814636,96.0,25.0,0.4529222548007965,97.0,26.0,0.1931639164686203,99.0,28.0,0.627501368522644,133.0,27.0,0.6487070322036743,83.0,59.0,0.6111418008804321,159.0,59.0,0.6441649198532104,24.0,86.0,0.508769690990448,183.0,89.0,0.671636700630188,16.0,76.0,0.6430829763412476,171.0,107.0,0.5385692119598389,103.0,129.0,0.4675244092941284,153.0,129.0,0.5069137811660767,70.0,176.0,0.6866201758384705,152.0,176.0,0.6284297704696655,92.0,223.0,0.6938458681106567,153.0,216.0,0.7305644154548645
15,518,316,563,407,601,359,705,517,106.0,40.0,0.45295169949531555,115.0,26.0,0.41657131910324097,95.0,28.0,0.402904748916626,130.0,35.0,0.4820559024810791,72.0,33.0,0.5652052760124207,146.0,70.0,0.3250712752342224,41.0,67.0,0.3463763892650604,184.0,106.0,0.19519858062267303,9.0,104.0,0.1362643539905548,182.0,107.0,0.19242824614048004,48.0,91.0,0.16085141897201538,114.0,160.0,0.15582218766212463,48.0,160.0,0.10438752174377441,117.0,178.0,0.2696593403816223,104.0,179.0,0.2697662115097046,78.0,217.0,0.25120821595191956,28.0,204.0,0.23909462988376617,97.0,26.0,0.30459246039390564,97.0,26.0,0.4016045928001404,98.0,27.0,0.14711977541446686,101.0,29.0,0.6583765745162964,135.0,29.0,0.7028261423110962,85.0,60.0,0.6354867219924927,159.0,59.0,0.6703697443008423,53.0,78.0,0.4468790292739868,180.0,92.0,0.698520302772522,26.0,85.0,0.5842191576957703,171.0,111.0,0.5180521011352539,103.0,133.0,0.49063968658447266,151.0,133.0,0.5343837141990662,72.0,176.0,0.6902729868888855,154.0,176.0,0.6492190361022949,92.0,223.0,0.7236224412918091,157.0,216.0,0.7528075575828552
16,517,316,566,407,596,361,704,517,106.0,36.0,0.5526812076568604,115.0,26.0,0.5803839564323425,96.0,26.0,0.550848126411438,130.0,32.0,0.5501649975776672,76.0,30.0,0.6382984519004822,142.0,70.0,0.39331287145614624,45.0,67.0,0.41582223773002625,176.0,102.0,0.23871296644210815,10.0,105.0,0.21978944540023804,187.0,111.0,0.24828746914863586,14.0,101.0,0.09656188637018204,110.0,160.0,0.20686303079128265,50.0,160.0,0.1407320350408554,113.0,180.0,0.37278327345848083,102.0,180.0,0.3185936510562897,73.0,219.0,0.33887147903442383,28.0,204.0,0.3135417699813843,97.0,30.0,0.419818639755249,97.0,26.0,0.4714116156101227,96.0,25.0,0.20323094725608826,101.0,27.0,0.6718587875366211,135.0,27.0,0.7076289653778076,87.0,60.0,0.6498252749443054,159.0,59.0,0.6878615617752075,36.0,90.0,0.48064562678337097,179.0,92.0,0.7052559852600098,23.0,85.0,0.621132493019104,167.0,113.0,0.4791675806045532,105.0,132.0,0.4994833767414093,152.0,133.0,0.5387266874313354,75.0,177.0,0.7070784568786621,155.0,174.0,0.6603443622589111,96.0,224.0,0.7164092659950256,159.0,216.0,0.7595154047012329
17,516,315,570,407,592,362,702,519,106.0,40.0,0.5840081572532654,115.0,30.0,0.5681155920028687,96.0,30.0,0.5550444722175598,126.0,36.0,0.5828433632850647,78.0,34.0,0.6463378667831421,134.0,70.0,0.4566887319087982,53.0,67.0,0.453925758600235,160.0,100.0,0.23984530568122864,48.0,72.0,0.10904331505298615,179.0,112.0,0.3057803213596344,75.0,85.0,0.10593383014202118,102.0,144.0,0.1907324641942978,54.0,144.0,0.19717681407928467,105.0,184.0,0.419248104095459,90.0,182.0,0.197082057595253,70.0,221.0,0.43491044640541077,27.0,207.0,0.3729078471660614,95.0,30.0,0.41492515802383423,96.0,27.0,0.50212562084198,99.0,30.0,0.2937298119068146,103.0,30.0,0.6821680665016174,135.0,29.0,0.7231542468070984,88.0,60.0,0.6495103240013123,159.0,60.0,0.6835875511169434,40.0,90.0,0.4501408338546753,180.0,92.0,0.7390958070755005,24.0,87.0,0.6033228635787964,169.0,113.0,0.5408000946044922,105.0,133.0,0.5222585201263428,151.0,133.0,0.5518681406974792,77.0,177.0,0.7031348943710327,159.0,174.0,0.6849676966667175,101.0,225.0,0.7110657691955566,163.0,212.0,0.7797035574913025
18,515,316,569,407,586,363,700,518,114.0,39.0,0.5597689151763916,124.0,28.0,0.5486149787902832,106.0,28.0,0.578376829624176,137.0,34.0,0.5667075514793396,87.0,31.0,0.6674143671989441,138.0,70.0,0.4299822151660919,61.0,63.0,0.49964532256126404,173.0,99.0,0.24224688112735748,56.0,69.0,0.302971750497818,182.0,111.0,0.22930343449115753,106.0,81.0,0.21231216192245483,105.0,135.0,0.17888058722019196,62.0,140.0,0.16900688409805298,109.0,186.0,0.4016210436820984,60.0,185.0,0.23767860233783722,70.0,217.0,0.42223799228668213,28.0,213.0,0.3743765354156494,99.0,35.0,0.6069977879524231,101.0,30.0,0.5100899338722229,102.0,31.0,0.2731838524341583,105.0,31.0,0.6982920169830322,135.0,31.0,0.7430192828178406,88.0,63.0,0.6474055051803589,159.0,61.0,0.7275079488754272,44.0,94.0,0.5252355933189392,181.0,96.0,0.7906973958015442,28.0,91.0,0.6034379601478577,171.0,117.0,0.6393485069274902,107.0,132.0,0.5202481150627136,151.0,133.0,0.5535693168640137,78.0,178.0,0.7171058058738708,160.0,176.0,0.7011722326278687,109.0,229.0,0.6858450174331665,167.0,214.0,0.760728657245636
19,515,316,572,408,582,365,697,518,117.0,39.0,0.6149420142173767,124.0,28.0,0.6025541424751282,107.0,28.0,0.6258972883224487,134.0,36.0,0.5862122774124146,89.0,33.0,0.678433895111084,134.0,70.0,0.4729444980621338,62.0,64.0,0.505949854850769,159.0,95.0,0.2973990738391876,36.0,120.0,0.2621312737464905,172.0,111.0,0.35126882791519165,51.0,165.0,0.38658788800239563,98.0,140.0,0.22861118614673615,58.0,140.0,0.22601206600666046,104.0,182.0,0.5307979583740234,61.0,178.0,0.4948834776878357,68.0,216.0,0.5105569958686829,33.0,213.0,0.48218604922294617,100.0,32.0,0.3578124940395355,101.0,26.0,0.48199599981307983,102.0,27.0,0.18435855209827423,105.0,29.0,0.720866322517395,135.0,29.0,0.7606181502342224,88.0,62.0,0.655092179775238,161.0,60.0,0.7196553349494934,43.0,93.0,0.620462954044342,182.0,96.0,0.7966164946556091,20.0,90.0,0.6387202739715576,171.0,119.0,0.6954143643379211,107.0,133.0,0.5060932636260986,151.0,133.0,0.5468863844871521,83.0,180.0,0.6895562410354614,162.0,176.0,0.713168203830719,117.0,232.0,0.6560206413269043,171.0,212.0,0.7612966299057007
20,517,317,571,409,579,365,695,520,123.0,35.0,0.5518720746040344,131.0,26.0,0.5560958981513977,114.0,26.0,0.5227538347244263,142.0,32.0,0.542736291885376,93.0,29.0,0.6572840809822083,142.0,70.0,0.5138579607009888,64.0,64.0,0.5376245975494385,164.0,98.0,0.25621986389160156,32.0,120.0,0.36127394437789917,182.0,115.0,0.2578735053539276,53.0,159.0,0.5556102395057678,94.0,136.0,0.238456591963768,56.0,136.0,0.21371245384216309,105.0,182.0,0.46836185455322266,65.0,172.0,0.4917861521244049,69.0,213.0,0.39287593960762024,33.0,217.0,0.4208855926990509,99.0,31.0,0.3303259611129761,100.0,25.0,0.4405955970287323,100.0,27.0,0.1754211038351059,103.0,28.0,0.7202688455581665,133.0,29.0,0.7407270073890686,87.0,61.0,0.6656997203826904,158.0,60.0,0.7178173065185547,43.0,91.0,0.6197926998138428,180.0,96.0,0.7829218506813049,20.0,88.0,0.6371545195579529,173.0,117.0,0.7172126770019531,104.0,134.0,0.5211213827133179,148.0,133.0,0.5529778599739075,93.0,183.0,0.6970731616020203,160.0,174.0,0.7398840188980103,124.0,235.0,0.6440408229827881,175.0,211.0,0.7678624987602234
21,518,317,568,411,574,364,692,519,140.0,42.0,0.4426124691963196,146.0,32.0,0.39424967765808105,130.0,28.0,0.34954991936683655,158.0,36.0,0.4139048159122467,106.0,30.0,0.5432934165000916,153.0,69.0,0.42852696776390076,77.0,63.0,0.4838084280490875,176.0,100.0,0.18483878672122955,28.0,116.0,0.23189756274223328,183.0,105.0,0.1458033174276352,56.0,153.0,0.4083254039287567,98.0,132.0,0.21232619881629944,52.0,126.0,0.1703156977891922,113.0,180.0,0.4400984048843384,72.0,166.0,0.4814455211162567,73.0,213.0,0.30726221203804016,43.0,217.0,0.37054914236068726,100.0,32.0,0.3892557919025421,100.0,25.0,0.48547837138175964,102.0,27.0,0.18099503219127655,105.0,29.0,0.7196739912033081,135.0,29.0,0.7702434062957764,87.0,62.0,0.6866706609725952,159.0,61.0,0.7431062459945679,43.0,91.0,0.6315550804138184,179.0,96.0,0.7706644535064697,20.0,88.0,0.6434158086776733,174.0,120.0,0.7644034028053284,104.0,137.0,0.5343377590179443,147.0,133.0,0.5461505055427551,100.0,186.0,0.7238919734954834,160.0,176.0,0.7585002183914185,130.0,236.0,0.6585847735404968,175.0,212.0,0.7743337750434875
22,519,317,574,412,572,363,688,519,133.0,40.0,0.47197821736335754,138.0,34.0,0.41413652896881104,124.0,32.0,0.37570229172706604,150.0,36.0,0.37711694836616516,100.0,30.0,0.5837785601615906,141.0,70.0,0.43598368763923645,70.0,62.0,0.5304297804832458,164.0,100.0,0.18789216876029968,24.0,112.0,0.14159685373306274,166.0,109.0,0.21406346559524536,50.0,152.0,0.1863289624452591,82.0,132.0,0.28258243203163147,36.0,123.0,0.2571832835674286,101.0,180.0,0.4744512140750885,62.0,164.0,0.6166650056838989,69.0,213.0,0.4723035991191864,41.0,221.0,0.4999758005142212,100.0,28.0,0.26266008615493774,101.0,24.0,0.35371407866477966,102.0,23.0,0.10874219238758087,103.0,27.0,0.6937853097915649,135.0,27.0,0.7466251254081726,84.0,60.0,0.6577253937721252,159.0,59.0,0.7244950532913208,41.0,89.0,0.6062556505203247,181.0,96.0,0.75984787940979,22.0,89.0,0.6275297403335571,177.0,121.0,0.7465387582778931,105.0,135.0,0.5147446990013123,147.0,133.0,0.5511752367019653,105.0,185.0,0.7109058499336243,159.0,176.0,0.7293696403503418,134.0,236.0,0.645987868309021,175.0,212.0,0.739016592502594
23,519,318,572,414,571,361,685,519,145.0,37.0,0.47699040174484253,151.0,30.0,0.4445464015007019,139.0,28.0,0.5027536749839783,162.0,36.0,0.39786407351493835,112.0,29.0,0.552987813949585,149.0,70.0,0.35617703199386597,82.0,62.0,0.5048280358314514,168.0,100.0,0.12578628957271576,36.0,104.0,0.10672441124916077,166.0,101.0,0.15618537366390228,144.0,91.0,0.1470789611339569,82.0,128.0,0.24195437133312225,40.0,117.0,0.24645622074604034,101.0,176.0,0.4124126136302948,62.0,164.0,0.5687297582626343,69.0,217.0,0.24221141636371613,56.0,220.0,0.43233516812324524,97.0,26.0,0.27294421195983887,97.0,22.0,0.33535414934158325,143.0,25.0,0.10882427543401718,101.0,27.0,0.6959391236305237,133.0,27.0,0.7093842625617981,84.0,60.0,0.6455724835395813,159.0,59.0,0.6940009593963623,49.0,83.0,0.5169935822486877,180.0,96.0,0.7658742070198059,24.0,91.0,0.49260735511779785,179.0,123.0,0.7674536108970642,105.0,133.0,0.5065978765487671,146.0,133.0,0.5387370586395264,106.0,184.0,0.6839293241500854,152.0,172.0,0.7230200171470642,136.0,234.0,0.6384106278419495,171.0,215.0,0.7344800233840942
24,519,320,575,415,572,359,682,519,143.0,33.0,0.5974087715148926,151.0,26.0,0.6101467609405518,137.0,24.0,0.6880641579627991,158.0,32.0,0.47633159160614014,112.0,25.0,0.6214731335639954,138.0,65.0,0.3675570487976074,86.0,58.0,0.4753383994102478,160.0,89.0,0.10058734565973282,120.0,70.0,0.10262969881296158,162.0,93.0,0.17898768186569214,144.0,79.0,0.2243369072675705,81.0,123.0,0.23896969854831696,40.0,109.0,0.2414190024137497,98.0,175.0,0.40990522503852844,64.0,164.0,0.5392448902130127,65.0,225.0,0.18043583631515503,60.0,220.0,0.48432013392448425,93.0,30.0,0.2722509205341339,92.0,27.0,0.34512367844581604,135.0,29.0,0.1932401806116104,97.0,29.0,0.6984835863113403,128.0,29.0,0.7225582599639893,80.0,60.0,0.641801118850708,155.0,60.0,0.6658718585968018,43.0,83.0,0.6689820289611816,179.0,96.0,0.7905716300010681,10.0,97.0,0.6786392331123352,179.0,125.0,0.7356043457984924,99.0,135.0,0.5074648857116699,142.0,133.0,0.5071530342102051,101.0,186.0,0.6379547119140625,146.0,172.0,0.6785888671875,133.0,233.0,0.6102946400642395,163.0,215.0,0.7240803241729736
25,520,320,574,416,570,359,681,519,147.0,35.0,0.5397729277610779,155.0,30.0,0.5354334712028503,142.0,28.0,0.6256799101829529,166.0,32.0,0.3889661431312561,116.0,29.0,0.4901808202266693,134.0,66.0,0.2867330312728882,91.0,62.0,0.4079187214374542,168.0,86.0,0.11299125105142593,130.0,72.0,0.11979803442955017,180.0,91.0,0.15092521905899048,164.0,83.0,0.20642900466918945,87.0,123.0,0.19269810616970062,37.0,113.0,0.20428875088691711,101.0,172.0,0.3562522828578949,70.0,166.0,0.4462144374847412,50.0,199.0,0.4352043867111206,63.0,223.0,0.4885960817337036,89.0,30.0,0.3255758285522461,92.0,29.0,0.3699614107608795,131.0,31.0,0.17876724898815155,95.0,29.0,0.6835277676582336,128.0,28.0,0.7537796497344971,79.0,60.0,0.6403760313987732,153.0,60.0,0.6638309955596924,41.0,84.0,0.6248260736465454,176.0,96.0,0.772783100605011,16.0,99.0,0.6464589238166809,179.0,125.0,0.7444751858711243,97.0,133.0,0.5030649900436401,141.0,133.0,0.5055658221244812,91.0,185.0,0.617149293422699,138.0,170.0,0.6930471658706665,128.0,231.0,0.5918232202529907,155.0,212.0,0.6898425817489624
26,521,321,579,418,573,359,676,521,130.0,52.0,0.3846213221549988,143.0,42.0,0.46443837881088257,123.0,44.0,0.39047935605049133,154.0,40.0,0.3188057839870453,106.0,30.0,0.37214821577072144,118.0,64.0,0.193999782204628,88.0,60.0,0.34454426169395447,190.0,95.0,0.09045033901929855,122.0,68.0,0.07213379442691803,172.0,87.0,0.13350972533226013,164.0,83.0,0.26834458112716675,77.0,120.0,0.23578104376792908,37.0,113.0,0.27362850308418274,93.0,173.0,0.4006969928741455,72.0,166.0,0.5371444821357727,46.0,197.0,0.4024094343185425,57.0,223.0,0.5747227668762207,84.0,32.0,0.3385445177555084,84.0,29.0,0.40885043144226074,83.0,29.0,0.15578322112560272,89.0,29.0,0.6375905275344849,121.0,29.0,0.6678101420402527,71.0,60.0,0.5993168950080872,151.0,61.0,0.6216669678688049,34.0,82.0,0.5306136608123779,178.0,96.0,0.7333777546882629,15.0,101.0,0.5774670243263245,183.0,127.0,0.7346230745315552,95.0,133.0,0.44482865929603577,143.0,133.0,0.46727848052978516,74.0,180.0,0.58795565366745,131.0,165.0,0.6741674542427063,124.0,227.0,0.5933395028114319,149.0,209.0,0.6696565747261047
