frame,abb_xmin,abb_ymin,abb_xmax,abb_ymax,bbb_xmin,bbb_ymin,bbb_xmax,bbb_ymax,a_nose_x,a_nose_y,a_nose_confidence,a_left_eye_x,a_left_eye_y,a_left_eye_confidence,a_right_eye_x,a_right_eye_y,a_right_eye_confidence,a_left_ear_x,a_left_ear_y,a_left_ear_confidence,a_right_ear_x,a_right_ear_y,a_right_ear_confidence,a_left_shoulder_x,a_left_shoulder_y,a_left_shoulder_confidence,a_right_shoulder_x,a_right_shoulder_y,a_right_shoulder_confidence,a_left_elbow_x,a_left_elbow_y,a_left_elbow_confidence,a_right_elbow_x,a_right_elbow_y,a_right_elbow_confidence,a_left_wrist_x,a_left_wrist_y,a_left_wrist_confidence,a_right_wrist_x,a_right_wrist_y,a_right_wrist_confidence,a_left_hip_x,a_left_hip_y,a_left_hip_confidence,a_right_hip_x,a_right_hip_y,a_right_hip_confidence,a_left_knee_x,a_left_knee_y,a_left_knee_confidence,a_right_knee_x,a_right_knee_y,a_right_knee_confidence,a_left_ankle_x,a_left_ankle_y,a_left_ankle_confidence,a_right_ankle_x,a_right_ankle_y,a_right_ankle_confidence,b_nose_x,b_nose_y,b_nose_confidence,b_left_eye_x,b_left_eye_y,b_left_eye_confidence,b_right_eye_x,b_right_eye_y,b_right_eye_confidence,b_left_ear_x,b_left_ear_y,b_left_ear_confidence,b_right_ear_x,b_right_ear_y,b_right_ear_confidence,b_left_shoulder_x,b_left_shoulder_y,b_left_shoulder_confidence,b_right_shoulder_x,b_right_shoulder_y,b_right_shoulder_confidence,b_left_elbow_x,b_left_elbow_y,b_left_elbow_confidence,b_right_elbow_x,b_right_elbow_y,b_right_elbow_confidence,b_left_wrist_x,b_left_wrist_y,b_left_wrist_confidence,b_right_wrist_x,b_right_wrist_y,b_right_wrist_confidence,b_left_hip_x,b_left_hip_y,b_left_hip_confidence,b_right_hip_x,b_right_hip_y,b_right_hip_confidence,b_left_knee_x,b_left_knee_y,b_left_knee_confidence,b_right_knee_x,b_right_knee_y,b_right_knee_confidence,b_left_ankle_x,b_left_ankle_y,b_left_ankle_confidence,b_right_ankle_x,b_right_ankle_y,b_right_ankle_confidence
0,654,275,707,397,647,412,760,595,73.0,44.0,0.2556860148906708,147.0,78.0,0.30119314789772034,131.0,74.0,0.25510695576667786,148.0,76.0,0.173024520277977,123.0,74.0,0.21850992739200592,104.0,95.0,0.12379395216703415,77.0,79.0,0.15460097789764404,141.0,106.0,0.16380378603935242,72.0,72.0,0.06894245743751526,116.0,115.0,0.12831929326057434,73.0,30.0,0.09947075694799423,91.0,140.0,0.25179624557495117,41.0,134.0,0.17425169050693512,101.0,152.0,0.14958055317401886,22.0,144.0,0.29273495078086853,160.0,220.0,0.3387911915779114,48.0,231.0,0.4002487361431122,85.0,24.0,0.1530037224292755,85.0,21.0,0.23524609208106995,131.0,20.0,0.11288301646709442,90.0,24.0,0.6918361783027649,126.0,26.0,0.7922829389572144,60.0,50.0,0.6798558831214905,155.0,59.0,0.629523515701294,42.0,84.0,0.7249283790588379,176.0,100.0,0.6380369067192078,21.0,119.0,0.7266385555267334,179.0,133.0,0.7021632790565491,75.0,123.0,0.49855488538742065,128.0,128.0,0.48538142442703247,27.0,165.0,0.6666715145111084,128.0,164.0,0.6558570861816406,43.0,223.0,0.7329674363136292,139.0,215.0,0.7403906583786011
1,653,284,705,396,640,410,758,590,135.0,72.0,0.21647922694683075,149.0,68.0,0.352880597114563,147.0,66.0,0.29372894763946533,154.0,68.0,0.14773623645305634,127.0,62.0,0.22153416275978088,130.0,94.0,0.08651596307754517,91.0,63.0,0.14514510333538055,132.0,104.0,0.17978811264038086,80.0,56.0,0.2154114842414856,156.0,81.0,0.07979463040828705,89.0,28.0,0.16777418553829193,97.0,136.0,0.23999661207199097,43.0,132.0,0.18987229466438293,121.0,187.0,0.10776593536138535,28.0,140.0,0.17803648114204407,168.0,224.0,0.3056142032146454,35.0,233.0,0.3893584609031677,89.0,26.0,0.16627469658851624,89.0,21.0,0.2528966963291168,133.0,24.0,0.10409374535083771,93.0,25.0,0.7173487544059753,127.0,27.0,0.8236587643623352,64.0,52.0,0.6974124908447266,155.0,61.0,0.668254554271698,46.0,88.0,0.786740243434906,176.0,104.0,0.644505500793457,27.0,121.0,0.7579566836357117,180.0,134.0,0.6868173480033875,78.0,124.0,0.5187315344810486,131.0,129.0,0.5297560095787048,31.0,167.0,0.6597466468811035,136.0,164.0,0.6580336093902588,35.0,227.0,0.7510084509849548,147.0,215.0,0.7351553440093994
2,648,297,703,395,624,410,755,589,143.0,89.0,0.29686984419822693,155.0,60.0,0.24863655865192413,130.0,66.0,0.26421359181404114,148.0,77.0,0.09173459559679031,97.0,61.0,0.27786368131637573,119.0,134.0,0.19612689316272736,46.0,127.0,0.21301107108592987,132.0,180.0,0.07943440228700638,40.0,184.0,0.07538086175918579,172.0,220.0,0.10595973581075668,37.0,237.0,0.09897597134113312,109.0,124.0,0.22398985922336578,57.0,120.0,0.19769303500652313,125.0,179.0,0.07218003273010254,41.0,179.0,0.15214526653289795,173.0,227.0,0.22372139990329742,36.0,232.0,0.36433151364326477,101.0,26.0,0.14874616265296936,101.0,25.0,0.23162458837032318,134.0,24.0,0.12719130516052246,101.0,25.0,0.7522804141044617,133.0,27.0,0.8409373164176941,76.0,52.0,0.735913872718811,159.0,60.0,0.7179068922996521,60.0,88.0,0.8136449456214905,179.0,103.0,0.6760250329971313,43.0,121.0,0.7780311107635498,183.0,133.0,0.7587205767631531,88.0,125.0,0.5622806549072266,139.0,129.0,0.5508963465690613,43.0,169.0,0.6920157670974731,147.0,163.0,0.6689148545265198,36.0,228.0,0.7448754906654358,160.0,210.0,0.732103168964386
3,646,307,702,396,609,413,752,586,139.0,74.0,0.11175236105918884,111.0,56.0,0.1906534731388092,92.0,52.0,0.10412073880434036,166.0,32.0,0.09777333587408066,84.0,58.0,0.17628724873065948,125.0,123.0,0.1215149387717247,54.0,111.0,0.1742083877325058,145.0,81.0,0.14416150748729706,144.0,80.0,0.09484697878360748,142.0,41.0,0.13102246820926666,140.0,40.0,0.09582075476646423,113.0,112.0,0.2599020004272461,61.0,108.0,0.2076563686132431,137.0,172.0,0.1875920444726944,39.0,172.0,0.27980858087539673,169.0,221.0,0.32941994071006775,28.0,228.0,0.4399365782737732,106.0,24.0,0.22310541570186615,106.0,20.0,0.3105793297290802,111.0,23.0,0.12681837379932404,108.0,24.0,0.7901281714439392,137.0,25.0,0.8583758473396301,87.0,51.0,0.7688970565795898,163.0,59.0,0.7490617632865906,71.0,87.0,0.8227741718292236,181.0,100.0,0.6789500713348389,55.0,121.0,0.7796932458877563,185.0,133.0,0.7829665541648865,97.0,126.0,0.5569567084312439,145.0,129.0,0.5700784921646118,53.0,171.0,0.6921032071113586,155.0,163.0,0.6786967515945435,35.0,229.0,0.7352397441864014,175.0,211.0,0.7724687457084656
4,642,311,698,398,596,414,757,584,155.0,35.0,0.3088998794555664,165.0,28.0,0.46968117356300354,148.0,24.0,0.36022669076919556,173.0,35.0,0.3396932780742645,138.0,27.0,0.31613585352897644,165.0,66.0,0.17205937206745148,107.0,47.0,0.20476073026657104,164.0,88.0,0.14311909675598145,144.0,172.0,0.05388193577528,148.0,56.0,0.224340558052063,145.0,51.0,0.07269065082073212,129.0,116.0,0.22524717450141907,70.0,119.0,0.22037744522094727,149.0,172.0,0.22455792129039764,49.0,166.0,0.2688327431678772,168.0,228.0,0.30110082030296326,30.0,227.0,0.41391879320144653,109.0,26.0,0.18050070106983185,104.0,20.0,0.2716151177883148,134.0,24.0,0.1648668795824051,107.0,25.0,0.7991843819618225,134.0,26.0,0.8718507885932922,90.0,54.0,0.783855140209198,155.0,61.0,0.7849365472793579,75.0,91.0,0.8382827043533325,173.0,102.0,0.6935756802558899,59.0,124.0,0.8043822646141052,175.0,137.0,0.7784502506256104,100.0,130.0,0.5966671705245972,141.0,133.0,0.6047118902206421,56.0,174.0,0.7480854988098145,155.0,167.0,0.6681814789772034,28.0,232.0,0.7568984031677246,179.0,215.0,0.7782778739929199
5,639,315,696,403,585,418,766,581,157.0,28.0,0.4918839633464813,165.0,20.0,0.481668621301651,151.0,18.0,0.5421519875526428,177.0,26.0,0.4297023415565491,140.0,21.0,0.48962002992630005,169.0,65.0,0.15555045008659363,124.0,47.0,0.33567631244659424,174.0,83.0,0.09204871207475662,64.0,44.0,0.16656504571437836,88.0,48.0,0.23874209821224213,82.0,48.0,0.15532369911670685,133.0,118.0,0.2269832044839859,77.0,109.0,0.22652985155582428,149.0,170.0,0.21609149873256683,51.0,164.0,0.3039231598377228,156.0,217.0,0.3134646713733673,27.0,215.0,0.4303479492664337,102.0,24.0,0.2158317118883133,100.0,23.0,0.3017895817756653,126.0,24.0,0.19524769484996796,102.0,24.0,0.8155823349952698,127.0,26.0,0.8825178742408752,88.0,56.0,0.8131592273712158,145.0,61.0,0.8143145442008972,75.0,94.0,0.8579021096229553,161.0,104.0,0.6891842484474182,60.0,126.0,0.8080158233642578,161.0,137.0,0.7841908931732178,97.0,133.0,0.6198157072067261,133.0,134.0,0.6266555190086365,56.0,176.0,0.769679605960846,152.0,173.0,0.6739418506622314,24.0,232.0,0.772347092628479,179.0,220.0,0.7829621434211731
6,635,318,696,404,571,421,772,580,153.0,35.0,0.5638496279716492,163.0,30.0,0.5550078749656677,150.0,28.0,0.6035873889923096,175.0,33.0,0.47451677918434143,138.0,27.0,0.5971752405166626,171.0,64.0,0.37544822692871094,115.0,49.0,0.4825906455516815,172.0,92.0,0.19429117441177368,64.0,66.0,0.43413397669792175,145.0,79.0,0.23558007180690765,106.0,79.0,0.3043460249900818,137.0,120.0,0.37801021337509155,85.0,115.0,0.3650672733783722,151.0,172.0,0.4868773818016052,61.0,166.0,0.5081912279129028,141.0,221.0,0.443062961101532,31.0,215.0,0.5810094475746155,99.0,27.0,0.2441268265247345,100.0,23.0,0.3009077310562134,103.0,25.0,0.2044716626405716,100.0,26.0,0.8051391243934631,120.0,26.0,0.8529800772666931,90.0,59.0,0.8014711737632751,139.0,62.0,0.8066215515136719,79.0,98.0,0.8444436192512512,151.0,108.0,0.6362928748130798,63.0,126.0,0.8023192882537842,147.0,139.0,0.6071474552154541,99.0,137.0,0.6176372170448303,133.0,141.0,0.6308743357658386,58.0,178.0,0.7284126877784729,152.0,181.0,0.6853541135787964,24.0,230.0,0.7619628310203552,179.0,228.0,0.7527526617050171
7,634,324,696,404,560,425,773,579,151.0,35.0,0.5011404752731323,156.0,28.0,0.5106313824653625,146.0,26.0,0.5621669888496399,168.0,32.0,0.4660525619983673,136.0,29.0,0.46361351013183594,169.0,65.0,0.41774410009384155,106.0,56.0,0.3325461149215698,164.0,84.0,0.17657212913036346,73.0,75.0,0.16370725631713867,138.0,86.0,0.18248175084590912,80.0,91.0,0.16976922750473022,130.0,121.0,0.3281264901161194,85.0,125.0,0.3270753026008606,149.0,176.0,0.5760691165924072,67.0,167.0,0.49181610345840454,137.0,222.0,0.5107194781303406,31.0,217.0,0.5568143129348755,95.0,31.0,0.42917874455451965,96.0,27.0,0.5462060570716858,99.0,27.0,0.3265645205974579,98.0,29.0,0.8298385739326477,117.0,29.0,0.845488965511322,91.0,62.0,0.8223450779914856,134.0,62.0,0.8183522820472717,83.0,103.0,0.832737147808075,147.0,104.0,0.6391798257827759,63.0,124.0,0.8160917162895203,138.0,132.0,0.5550445318222046,101.0,141.0,0.6014091372489929,131.0,144.0,0.6443718075752258,59.0,179.0,0.7492184042930603,154.0,184.0,0.702040433883667,24.0,226.0,0.7774925827980042,179.0,232.0,0.7589521408081055
8,636,328,693,407,552,430,773,579,156.0,38.0,0.39325520396232605,163.0,26.0,0.42045512795448303,148.0,26.0,0.43234050273895264,173.0,35.0,0.3343614935874939,136.0,31.0,0.414541095495224,174.0,70.0,0.32916054129600525,102.0,66.0,0.26747310161590576,167.0,97.0,0.12387866526842117,71.0,95.0,0.12896279990673065,146.0,94.0,0.07490093261003494,78.0,116.0,0.09708060324192047,130.0,120.0,0.12420663982629776,84.0,122.0,0.1248321384191513,156.0,176.0,0.2017369121313095,76.0,156.0,0.34884095191955566,150.0,219.0,0.25114595890045166,27.0,219.0,0.47595471143722534,90.0,28.0,0.2866525650024414,91.0,24.0,0.40154942870140076,110.0,24.0,0.25444409251213074,94.0,28.0,0.8357773423194885,111.0,26.0,0.8605881929397583,88.0,64.0,0.8344892263412476,127.0,60.0,0.8130828738212585,82.0,108.0,0.8304266929626465,139.0,99.0,0.738165557384491,61.0,120.0,0.8257330060005188,115.0,111.0,0.2921493947505951,101.0,145.0,0.5955094695091248,131.0,145.0,0.6286661028862,60.0,176.0,0.7422763705253601,153.0,181.0,0.6778193712234497,23.0,221.0,0.7909350395202637,179.0,230.0,0.7489269971847534
9,637,331,691,412,548,433,773,579,155.0,35.0,0.3714808225631714,163.0,28.0,0.3590073883533478,148.0,26.0,0.38141903281211853,174.0,32.0,0.41354233026504517,136.0,27.0,0.4330204129219055,174.0,70.0,0.4598955810070038,96.0,64.0,0.41543808579444885,176.0,100.0,0.1432674527168274,61.0,99.0,0.2749994099140167,148.0,128.0,0.05300777032971382,62.0,138.0,0.11466290056705475,138.0,126.0,0.1854614019393921,84.0,128.0,0.19470429420471191,163.0,168.0,0.30640745162963867,64.0,159.0,0.37606245279312134,156.0,204.0,0.2321782261133194,28.0,216.0,0.43817251920700073,85.0,30.0,0.34800025820732117,83.0,24.0,0.4708673655986786,87.0,25.0,0.3314613997936249,86.0,28.0,0.8045729398727417,103.0,26.0,0.8148496150970459,82.0,66.0,0.8318398594856262,119.0,59.0,0.8026816844940186,78.0,112.0,0.7820219397544861,125.0,95.0,0.4938589036464691,57.0,116.0,0.791394054889679,107.0,111.0,0.197612002491951,97.0,147.0,0.6080707907676697,127.0,147.0,0.6400819420814514,56.0,174.0,0.7215508818626404,151.0,181.0,0.6700477004051208,20.0,222.0,0.7673458456993103,179.0,228.0,0.7340770959854126
10,635,331,689,411,545,435,772,579,152.0,38.0,0.41954106092453003,163.0,30.0,0.41403165459632874,147.0,28.0,0.4287402927875519,173.0,35.0,0.3973654806613922,132.0,31.0,0.4289688169956207,171.0,72.0,0.4686194360256195,95.0,65.0,0.38919997215270996,172.0,104.0,0.15331290662288666,65.0,99.0,0.17740179598331451,138.0,118.0,0.04609496518969536,53.0,123.0,0.16077077388763428,146.0,130.0,0.19606316089630127,89.0,128.0,0.21958917379379272,165.0,172.0,0.18345968425273895,63.0,167.0,0.27651914954185486,164.0,204.0,0.21669311821460724,32.0,216.0,0.4085944592952728,73.0,30.0,0.49280500411987305,72.0,25.0,0.5916456580162048,76.0,27.0,0.382138192653656,75.0,30.0,0.8005767464637756,93.0,26.0,0.7932453751564026,75.0,68.0,0.8203073740005493,107.0,58.0,0.8053992986679077,73.0,115.0,0.8048297762870789,111.0,94.0,0.47074878215789795,50.0,115.0,0.7988424897193909,89.0,103.0,0.14386361837387085,93.0,148.0,0.5963166356086731,120.0,147.0,0.6044556498527527,51.0,173.0,0.7482328414916992,148.0,185.0,0.6607490181922913,23.0,223.0,0.7762328386306763,179.0,228.0,0.7466607093811035
11,633,331,689,411,544,434,771,577,142.0,36.0,0.4440422058105469,151.0,28.0,0.45706692337989807,135.0,26.0,0.4822002649307251,162.0,32.0,0.465661883354187,122.0,29.0,0.483225554227829,163.0,69.0,0.527368426322937,90.0,62.0,0.4869719445705414,161.0,100.0,0.23345908522605896,61.0,91.0,0.30797579884529114,151.0,117.0,0.08496813476085663,45.0,123.0,0.31335848569869995,139.0,129.0,0.27469950914382935,83.0,124.0,0.2993791997432709,157.0,168.0,0.2055920660495758,59.0,160.0,0.27083513140678406,156.0,202.0,0.352510929107666,34.0,215.0,0.41571199893951416,59.0,36.0,0.6964146494865417,59.0,30.0,0.7289918065071106,61.0,31.0,0.5064913034439087,63.0,33.0,0.8098587989807129,78.0,30.0,0.7510079145431519,64.0,72.0,0.8374656438827515,95.0,59.0,0.7940977811813354,65.0,120.0,0.8053606748580933,99.0,97.0,0.3854501247406006,43.0,121.0,0.818098783493042,72.0,106.0,0.15869364142417908,85.0,149.0,0.5863600969314575,111.0,149.0,0.6046651005744934,44.0,172.0,0.7719208002090454,139.0,188.0,0.6604164242744446,20.0,226.0,0.756795346736908,175.0,228.0,0.7327945828437805
12,630,329,688,411,544,435,768,577,134.0,36.0,0.47161754965782166,143.0,28.0,0.4864448308944702,127.0,28.0,0.5171384215354919,154.0,36.0,0.5008382797241211,116.0,31.0,0.4816269278526306,158.0,70.0,0.5126409530639648,83.0,65.0,0.492045134305954,155.0,104.0,0.21235135197639465,65.0,103.0,0.1818927377462387,159.0,208.0,0.1131877526640892,56.0,131.0,0.05181095376610756,132.0,130.0,0.1779053509235382,77.0,128.0,0.1680757999420166,148.0,144.0,0.15743573009967804,57.0,166.0,0.1631714254617691,157.0,201.0,0.40754687786102295,43.0,219.0,0.3898197114467621,44.0,36.0,0.6828292608261108,44.0,32.0,0.7411001324653625,45.0,31.0,0.5689567923545837,50.0,34.0,0.8027741312980652,65.0,30.0,0.7458025217056274,54.0,74.0,0.8072662949562073,80.0,58.0,0.7731712460517883,59.0,123.0,0.8195573687553406,88.0,98.0,0.39279937744140625,34.0,124.0,0.768564760684967,79.0,119.0,0.1728227734565735,80.0,145.0,0.5579559206962585,105.0,145.0,0.6057184934616089,39.0,165.0,0.7250543832778931,130.0,188.0,0.6617980003356934,20.0,226.0,0.7585419416427612,175.0,228.0,0.7190074324607849
13,630,327,688,412,544,436,767,576,121.0,35.0,0.4433940649032593,131.0,26.0,0.46403026580810547,112.0,26.0,0.49122920632362366,142.0,32.0,0.5562587976455688,104.0,29.0,0.4828050434589386,149.0,68.0,0.5019519329071045,72.0,64.0,0.4563297927379608,144.0,108.0,0.24763110280036926,53.0,95.0,0.20361283421516418,159.0,200.0,0.1066180169582367,39.0,217.0,0.059112951159477234,122.0,122.0,0.14454536139965057,67.0,128.0,0.13762210309505463,141.0,160.0,0.10807804763317108,49.0,160.0,0.1759144514799118,153.0,197.0,0.3939521312713623,36.0,220.0,0.4510177969932556,31.0,40.0,0.6338168978691101,31.0,34.0,0.6880764365196228,33.0,35.0,0.5205779075622559,34.0,36.0,0.773618757724762,50.0,30.0,0.7443373799324036,46.0,74.0,0.8049032092094421,67.0,56.0,0.7485018968582153,51.0,123.0,0.7985572218894958,78.0,96.0,0.34096840023994446,27.0,133.0,0.7451499700546265,55.0,114.0,0.13651296496391296,76.0,141.0,0.5412610769271851,99.0,138.0,0.5762506723403931,35.0,159.0,0.714710533618927,124.0,186.0,0.6407718658447266,20.0,228.0,0.7588555812835693,171.0,228.0,0.6835575103759766
14,628,325,688,411,543,438,757,574,108.0,34.0,0.5676906704902649,115.0,28.0,0.5330495834350586,103.0,26.0,0.5877379179000854,130.0,32.0,0.5949549078941345,92.0,29.0,0.5962106585502625,141.0,68.0,0.5713032484054565,64.0,64.0,0.5394856929779053,139.0,107.0,0.322509229183197,45.0,95.0,0.2772601246833801,131.0,116.0,0.11801924556493759,9.0,135.0,0.12462251633405685,116.0,125.0,0.2990807294845581,67.0,127.0,0.32616060972213745,137.0,168.0,0.3335523009300232,47.0,170.0,0.3687565326690674,153.0,201.0,0.43859535455703735,38.0,223.0,0.5009768605232239,19.0,44.0,0.6981427669525146,20.0,37.0,0.7731080055236816,21.0,37.0,0.6014428734779358,26.0,38.0,0.7676321864128113,38.0,30.0,0.647674024105072,40.0,73.0,0.7989892959594727,59.0,53.0,0.7231999635696411,47.0,121.0,0.7997240424156189,71.0,95.0,0.2540034353733063,22.0,147.0,0.7442570328712463,43.0,132.0,0.13237567245960236,76.0,137.0,0.5028934478759766,100.0,133.0,0.5402878522872925,33.0,158.0,0.6833133101463318,125.0,181.0,0.6203056573867798,23.0,231.0,0.7376193404197693,171.0,224.0,0.7151424288749695
15,623,323,685,412,539,440,751,574,114.0,36.0,0.5248223543167114,123.0,28.0,0.48877158761024475,107.0,26.0,0.5596568584442139,134.0,32.0,0.6016634106636047,96.0,29.0,0.5692155957221985,143.0,68.0,0.5779306888580322,72.0,62.0,0.5573257207870483,145.0,104.0,0.30904680490493774,43.0,95.0,0.4339536428451538,159.0,200.0,0.13862663507461548,12.0,130.0,0.49421483278274536,124.0,126.0,0.3460661768913269,73.0,124.0,0.40065398812294006,141.0,172.0,0.32589221000671387,55.0,168.0,0.38527119159698486,158.0,197.0,0.4399022161960602,51.0,221.0,0.5857694745063782,12.0,44.0,0.7786951661109924,13.0,38.0,0.8137169480323792,11.0,38.0,0.6745557188987732,18.0,38.0,0.6916893720626831,30.0,30.0,0.6204251646995544,36.0,69.0,0.7952477931976318,51.0,47.0,0.690509021282196,49.0,118.0,0.7786747217178345,39.0,107.0,0.5555993318557739,30.0,152.0,0.46038487553596497,19.0,143.0,0.5815587043762207,77.0,129.0,0.4975922107696533,101.0,121.0,0.5407022833824158,32.0,160.0,0.6995790004730225,123.0,173.0,0.6169514656066895,26.0,232.0,0.744642436504364,171.0,216.0,0.7085068225860596
16,624,322,678,413,528,442,742,574,114.0,32.0,0.4657425880432129,123.0,24.0,0.4320366382598877,106.0,24.0,0.4938594698905945,137.0,29.0,0.49423184990882874,95.0,27.0,0.5032424926757812,150.0,66.0,0.43684831261634827,68.0,62.0,0.4057191014289856,152.0,108.0,0.1667921394109726,37.0,91.0,0.19490908086299896,163.0,196.0,0.17521195113658905,0.0,118.0,0.19906888902187347,133.0,120.0,0.20982836186885834,75.0,118.0,0.22617758810520172,153.0,168.0,0.14301876723766327,59.0,164.0,0.2690751552581787,161.0,197.0,0.3813357651233673,55.0,219.0,0.5186887383460999,12.0,44.0,0.7609313726425171,13.0,38.0,0.8232709169387817,11.0,38.0,0.6755486130714417,21.0,36.0,0.6581927537918091,30.0,26.0,0.6135996580123901,38.0,65.0,0.7667365074157715,52.0,43.0,0.6438859701156616,55.0,112.0,0.7915509343147278,38.0,104.0,0.6146866679191589,44.0,154.0,0.5994892120361328,19.0,143.0,0.6143965125083923,80.0,121.0,0.49048078060150146,105.0,113.0,0.5341154336929321,40.0,164.0,0.7386625409126282,126.0,162.0,0.6287357807159424,36.0,230.0,0.7545544505119324,171.0,207.0,0.7227715253829956
17,621,320,673,413,522,443,734,573,120.0,34.0,0.3991386592388153,127.0,28.0,0.39920103549957275,112.0,26.0,0.43082576990127563,145.0,33.0,0.4789653420448303,100.0,29.0,0.47296473383903503,158.0,66.0,0.4373326003551483,70.0,64.0,0.42933017015457153,169.0,108.0,0.19715029001235962,37.0,91.0,0.23901864886283875,160.0,124.0,0.17626053094863892,0.0,122.0,0.27932825684547424,141.0,124.0,0.30459946393966675,83.0,122.0,0.3294484317302704,153.0,171.0,0.13355578482151031,63.0,162.0,0.37225380539894104,166.0,199.0,0.37858039140701294,68.0,220.0,0.5134293437004089,11.0,42.0,0.7568541765213013,11.0,36.0,0.8103136420249939,11.0,38.0,0.6531224846839905,17.0,34.0,0.672880232334137,28.0,24.0,0.6267985701560974,38.0,62.0,0.7660790085792542,51.0,39.0,0.6264601349830627,58.0,106.0,0.776379406452179,37.0,99.0,0.6698749661445618,55.0,152.0,0.6325804591178894,18.0,141.0,0.6430827975273132,83.0,113.0,0.5073825716972351,106.0,101.0,0.5197004675865173,49.0,161.0,0.6692330241203308,129.0,157.0,0.6714233756065369,40.0,232.0,0.7248109579086304,173.0,203.0,0.7241954207420349
18,610,319,671,412,513,441,724,573,129.0,35.0,0.5896890759468079,135.0,28.0,0.5646841526031494,121.0,26.0,0.580718457698822,149.0,33.0,0.6041037440299988,112.0,31.0,0.6053592562675476,163.0,65.0,0.5696338415145874,87.0,61.0,0.5777125954627991,177.0,99.0,0.35542944073677063,55.0,91.0,0.4750464856624603,165.0,124.0,0.41018223762512207,19.0,119.0,0.4295380115509033,145.0,126.0,0.39832139015197754,97.0,127.0,0.39670330286026,157.0,172.0,0.24628762900829315,87.0,168.0,0.26724594831466675,162.0,201.0,0.4803295433521271,91.0,221.0,0.5759317278862,12.0,45.0,0.7602468729019165,12.0,38.0,0.8095940351486206,11.0,38.0,0.6831257939338684,19.0,36.0,0.6377115845680237,28.0,26.0,0.6034827828407288,40.0,62.0,0.7751548290252686,51.0,39.0,0.6308475732803345,64.0,102.0,0.8076667189598083,39.0,99.0,0.7064160704612732,67.0,154.0,0.7858991622924805,19.0,145.0,0.629677951335907,88.0,109.0,0.5160316228866577,111.0,97.0,0.5234066247940063,57.0,159.0,0.6788212656974792,131.0,152.0,0.6564164161682129,49.0,233.0,0.7302895784378052,176.0,200.0,0.7310256958007812
