frame,abb_xmin,abb_ymin,abb_xmax,abb_ymax,bbb_xmin,bbb_ymin,bbb_xmax,bbb_ymax,a_nose_x,a_nose_y,a_nose_confidence,a_left_eye_x,a_left_eye_y,a_left_eye_confidence,a_right_eye_x,a_right_eye_y,a_right_eye_confidence,a_left_ear_x,a_left_ear_y,a_left_ear_confidence,a_right_ear_x,a_right_ear_y,a_right_ear_confidence,a_left_shoulder_x,a_left_shoulder_y,a_left_shoulder_confidence,a_right_shoulder_x,a_right_shoulder_y,a_right_shoulder_confidence,a_left_elbow_x,a_left_elbow_y,a_left_elbow_confidence,a_right_elbow_x,a_right_elbow_y,a_right_elbow_confidence,a_left_wrist_x,a_left_wrist_y,a_left_wrist_confidence,a_right_wrist_x,a_right_wrist_y,a_right_wrist_confidence,a_left_hip_x,a_left_hip_y,a_left_hip_confidence,a_right_hip_x,a_right_hip_y,a_right_hip_confidence,a_left_knee_x,a_left_knee_y,a_left_knee_confidence,a_right_knee_x,a_right_knee_y,a_right_knee_confidence,a_left_ankle_x,a_left_ankle_y,a_left_ankle_confidence,a_right_ankle_x,a_right_ankle_y,a_right_ankle_confidence,b_nose_x,b_nose_y,b_nose_confidence,b_left_eye_x,b_left_eye_y,b_left_eye_confidence,b_right_eye_x,b_right_eye_y,b_right_eye_confidence,b_left_ear_x,b_left_ear_y,b_left_ear_confidence,b_right_ear_x,b_right_ear_y,b_right_ear_confidence,b_left_shoulder_x,b_left_shoulder_y,b_left_shoulder_confidence,b_right_shoulder_x,b_right_shoulder_y,b_right_shoulder_confidence,b_left_elbow_x,b_left_elbow_y,b_left_elbow_confidence,b_right_elbow_x,b_right_elbow_y,b_right_elbow_confidence,b_left_wrist_x,b_left_wrist_y,b_left_wrist_confidence,b_right_wrist_x,b_right_wrist_y,b_right_wrist_confidence,b_left_hip_x,b_left_hip_y,b_left_hip_confidence,b_right_hip_x,b_right_hip_y,b_right_hip_confidence,b_left_knee_x,b_left_knee_y,b_left_knee_confidence,b_right_knee_x,b_right_knee_y,b_right_knee_confidence,b_left_ankle_x,b_left_ankle_y,b_left_ankle_confidence,b_right_ankle_x,b_right_ankle_y,b_right_ankle_confidence
0,671,321,726,420,691,372,833,492,118.0,38.0,0.40092581510543823,123.0,28.0,0.408882200717926,111.0,24.0,0.41557684540748596,124.0,32.0,0.28470680117607117,88.0,29.0,0.480503112077713,111.0,62.0,0.47002342343330383,62.0,60.0,0.37752631306648254,119.0,95.0,0.48212599754333496,20.0,88.0,0.518466055393219,152.0,118.0,0.4554601013660431,35.0,129.0,0.5944077968597412,75.0,128.0,0.2784692049026489,45.0,128.0,0.20946533977985382,136.0,171.0,0.18818052113056183,130.0,168.0,0.18180932104587555,112.0,219.0,0.21887853741645813,108.0,216.0,0.1664360910654068,93.0,26.0,0.18983207643032074,92.0,20.0,0.30603259801864624,123.0,20.0,0.13922034204006195,96.0,28.0,0.7367101907730103,120.0,30.0,0.7982279658317566,78.0,65.0,0.7354097366333008,130.0,58.0,0.7619710564613342,54.0,100.0,0.7353527545928955,151.0,55.0,0.7458717823028564,25.0,129.0,0.7577520608901978,173.0,43.0,0.7546586394309998,90.0,140.0,0.5905535221099854,121.0,137.0,0.579097330570221,63.0,189.0,0.7420943379402161,134.0,160.0,0.6621988415718079,60.0,222.0,0.8115211725234985,140.0,190.0,0.7326163053512573
1,676,322,727,419,699,373,837,492,129.0,41.0,0.4333406388759613,131.0,30.0,0.4561639428138733,122.0,28.0,0.44155529141426086,136.0,32.0,0.24720126390457153,96.0,30.0,0.44033458828926086,113.0,66.0,0.391766756772995,68.0,60.0,0.3855380713939667,117.0,105.0,0.4547690749168396,25.0,96.0,0.5523751378059387,153.0,128.0,0.31816211342811584,41.0,137.0,0.6228087544441223,75.0,129.0,0.2575088441371918,45.0,128.0,0.20764654874801636,120.0,168.0,0.24837487936019897,130.0,173.0,0.42631542682647705,65.0,199.0,0.372004896402359,131.0,228.0,0.406579852104187,93.0,30.0,0.19788780808448792,91.0,22.0,0.2814413011074066,175.0,39.0,0.25715336203575134,93.0,29.0,0.7512542605400085,119.0,31.0,0.7933478355407715,76.0,64.0,0.7414686679840088,128.0,58.0,0.7493725419044495,53.0,102.0,0.7653250694274902,151.0,55.0,0.7244043350219727,24.0,131.0,0.7400714159011841,174.0,40.0,0.7579542994499207,86.0,138.0,0.5348305106163025,119.0,133.0,0.5314862132072449,62.0,192.0,0.666188657283783,130.0,152.0,0.6402009129524231,59.0,223.0,0.7800103425979614,135.0,187.0,0.728655993938446
2,681,325,727,423,709,374,839,490,141.0,39.0,0.3063361346721649,143.0,30.0,0.3083272874355316,131.0,28.0,0.2993130683898926,140.0,32.0,0.1396150141954422,100.0,30.0,0.38448816537857056,113.0,69.0,0.26719930768013,72.0,60.0,0.29404282569885254,112.0,102.0,0.37764638662338257,35.0,96.0,0.5673407912254333,163.0,127.0,0.2658267617225647,55.0,135.0,0.6228790283203125,81.0,132.0,0.2354802042245865,32.0,123.0,0.18347343802452087,144.0,168.0,0.2672428786754608,143.0,173.0,0.36220917105674744,125.0,226.0,0.18535026907920837,124.0,227.0,0.3105033338069916,89.0,30.0,0.19080154597759247,88.0,24.0,0.25591781735420227,175.0,39.0,0.22384029626846313,90.0,29.0,0.7508355379104614,117.0,31.0,0.7917289733886719,72.0,64.0,0.7330761551856995,127.0,61.0,0.740681529045105,49.0,102.0,0.7551777362823486,151.0,57.0,0.7182810306549072,20.0,135.0,0.7681728601455688,176.0,40.0,0.764651358127594,79.0,141.0,0.541419506072998,113.0,137.0,0.5259611010551453,60.0,194.0,0.5041326880455017,127.0,150.0,0.582440197467804,53.0,223.0,0.6762263178825378,128.0,190.0,0.7640601992607117
3,683,328,735,422,719,374,842,486,129.0,43.0,0.3457816243171692,133.0,34.0,0.36365991830825806,123.0,28.0,0.29872700572013855,88.0,29.0,0.1380227953195572,92.0,34.0,0.4113941490650177,101.0,69.0,0.2510138750076294,76.0,64.0,0.19545985758304596,103.0,107.0,0.4251945912837982,49.0,98.0,0.5625429749488831,153.0,130.0,0.4044313132762909,69.0,139.0,0.6336575746536255,73.0,135.0,0.22041060030460358,36.0,128.0,0.33825525641441345,144.0,172.0,0.2464834600687027,150.0,175.0,0.49814584851264954,89.0,205.0,0.3468492925167084,109.0,225.0,0.3944237530231476,86.0,32.0,0.1059836894273758,84.0,20.0,0.22339817881584167,106.0,24.0,0.1559104472398758,84.0,31.0,0.7483994960784912,112.0,34.0,0.8051719665527344,62.0,66.0,0.739486575126648,122.0,64.0,0.7491793036460876,41.0,104.0,0.759634792804718,149.0,61.0,0.7150810956954956,18.0,139.0,0.7304636240005493,175.0,47.0,0.7462456822395325,71.0,145.0,0.5006245970726013,106.0,141.0,0.4835694134235382,56.0,200.0,0.46936726570129395,121.0,153.0,0.5046901106834412,48.0,228.0,0.6933842301368713,119.0,195.0,0.7320594787597656
4,683,329,741,421,727,373,844,485,125.0,41.0,0.46574392914772034,125.0,32.0,0.49594980478286743,117.0,32.0,0.5286114811897278,88.0,33.0,0.15553312003612518,92.0,34.0,0.5283931493759155,99.0,70.0,0.35725390911102295,78.0,66.0,0.36579084396362305,109.0,113.0,0.47407791018486023,68.0,104.0,0.5770994424819946,157.0,138.0,0.33460429310798645,87.0,143.0,0.6628509759902954,59.0,134.0,0.1755591481924057,45.0,134.0,0.37792789936065674,128.0,177.0,0.21282970905303955,148.0,179.0,0.5569831728935242,82.0,209.0,0.3990940749645233,103.0,225.0,0.5155590176582336,81.0,30.0,0.1415746957063675,79.0,20.0,0.21874746680259705,109.0,28.0,0.19523325562477112,80.0,31.0,0.7293310761451721,108.0,34.0,0.7944880723953247,56.0,66.0,0.7344590425491333,118.0,66.0,0.7628707885742188,32.0,104.0,0.7646062970161438,147.0,69.0,0.7374589443206787,14.0,141.0,0.7064159512519836,176.0,56.0,0.7106116414070129,63.0,145.0,0.5159016847610474,101.0,145.0,0.5005401372909546,46.0,204.0,0.5379323959350586,115.0,155.0,0.5522875189781189,43.0,225.0,0.6897701621055603,113.0,197.0,0.7613748908042908
5,688,329,744,421,731,372,848,485,121.0,45.0,0.46234649419784546,121.0,36.0,0.4708978533744812,113.0,34.0,0.49323609471321106,88.0,33.0,0.15067104995250702,90.0,36.0,0.4947795271873474,95.0,72.0,0.3215179145336151,78.0,70.0,0.36929455399513245,114.0,116.0,0.5114306807518005,72.0,108.0,0.5636313557624817,163.0,143.0,0.39439845085144043,95.0,145.0,0.6391875147819519,55.0,136.0,0.18874572217464447,41.0,138.0,0.3475780487060547,124.0,176.0,0.23840858042240143,151.0,180.0,0.5641247630119324,68.0,208.0,0.4202083647251129,93.0,225.0,0.48355749249458313,73.0,26.0,0.19098417460918427,72.0,20.0,0.2816862165927887,107.0,24.0,0.19096380472183228,75.0,31.0,0.7345044612884521,104.0,34.0,0.8034676909446716,52.0,64.0,0.7354490160942078,111.0,66.0,0.7816849946975708,27.0,103.0,0.7665459513664246,143.0,75.0,0.7376596331596375,14.0,136.0,0.744391143321991,171.0,69.0,0.7001363039016724,58.0,142.0,0.5065367221832275,93.0,141.0,0.491001695394516,43.0,202.0,0.5449284911155701,109.0,153.0,0.5767180919647217,40.0,223.0,0.7099329233169556,107.0,198.0,0.7687630653381348
6,691,331,752,425,734,371,850,485,113.0,41.0,0.49250727891921997,113.0,32.0,0.4991922974586487,107.0,32.0,0.48821398615837097,84.0,33.0,0.15145017206668854,86.0,34.0,0.5203984379768372,91.0,69.0,0.3666728138923645,72.0,66.0,0.46485766768455505,117.0,110.0,0.5283632278442383,72.0,102.0,0.5725228190422058,171.0,136.0,0.4614397883415222,97.0,139.0,0.6693471074104309,37.0,129.0,0.21257220208644867,37.0,130.0,0.3721885681152344,104.0,165.0,0.33860552310943604,140.0,169.0,0.5873739719390869,57.0,197.0,0.5144478678703308,83.0,216.0,0.5004937052726746,69.0,26.0,0.19402222335338593,68.0,20.0,0.3106212019920349,103.0,24.0,0.17614156007766724,70.0,29.0,0.7473246455192566,101.0,33.0,0.8069550395011902,49.0,63.0,0.7149779796600342,110.0,66.0,0.7610180974006653,23.0,99.0,0.7737188339233398,139.0,83.0,0.7052003741264343,14.0,133.0,0.6869937777519226,172.0,84.0,0.6049032807350159,53.0,138.0,0.4834538400173187,89.0,137.0,0.47008582949638367,36.0,200.0,0.6662556529045105,105.0,156.0,0.6028196811676025,41.0,221.0,0.7642793655395508,103.0,199.0,0.7515015602111816
7,694,333,769,424,737,370,849,485,93.0,34.0,0.5971788167953491,94.0,28.0,0.6254053711891174,86.0,28.0,0.6507170796394348,95.0,28.0,0.18195760250091553,70.0,32.0,0.6206702589988708,77.0,66.0,0.4154030382633209,61.0,62.0,0.5754085779190063,105.0,110.0,0.5512911677360535,62.0,104.0,0.5971434116363525,157.0,133.0,0.4773520529270172,83.0,141.0,0.686785876750946,33.0,129.0,0.2635015547275543,32.0,132.0,0.42453429102897644,77.0,162.0,0.3713723123073578,110.0,171.0,0.6451472043991089,36.0,200.0,0.5628129839897156,59.0,219.0,0.5848678946495056,65.0,26.0,0.24091114103794098,67.0,18.0,0.3222518861293793,103.0,24.0,0.18926098942756653,69.0,27.0,0.7517709136009216,99.0,30.0,0.8039492964744568,44.0,60.0,0.7143049240112305,108.0,64.0,0.7647818326950073,20.0,96.0,0.7921832203865051,140.0,88.0,0.7058361172676086,12.0,128.0,0.7271198034286499,175.0,99.0,0.6942334175109863,50.0,138.0,0.4898376166820526,89.0,133.0,0.48509323596954346,29.0,197.0,0.7033432722091675,103.0,155.0,0.5904886722564697,39.0,221.0,0.7557532787322998,100.0,200.0,0.7255215048789978
8,697,333,774,425,738,367,845,485,93.0,34.0,0.621077299118042,95.0,28.0,0.6496908664703369,86.0,28.0,0.6608750224113464,68.0,29.0,0.1925339549779892,70.0,32.0,0.6429352760314941,75.0,65.0,0.4056311249732971,61.0,62.0,0.5992218255996704,104.0,104.0,0.5748315453529358,62.0,103.0,0.6439604759216309,164.0,120.0,0.30911675095558167,83.0,141.0,0.6801499724388123,33.0,129.0,0.26763588190078735,29.0,132.0,0.4608948826789856,70.0,161.0,0.36177465319633484,107.0,171.0,0.6758751273155212,28.0,199.0,0.5630043745040894,51.0,219.0,0.5796253085136414,65.0,22.0,0.24129679799079895,68.0,20.0,0.31087633967399597,103.0,24.0,0.2032036930322647,70.0,27.0,0.715684711933136,102.0,32.0,0.7972598075866699,44.0,62.0,0.6935813426971436,111.0,66.0,0.7583309412002563,18.0,96.0,0.7914243936538696,145.0,98.0,0.5951640605926514,11.0,127.0,0.7115824222564697,181.0,121.0,0.49011266231536865,50.0,138.0,0.4911581873893738,91.0,137.0,0.5019853711128235,27.0,193.0,0.710455596446991,104.0,158.0,0.6259803771972656,40.0,220.0,0.7580692768096924,103.0,201.0,0.7453011870384216
9,698,332,767,427,738,365,841,485,111.0,38.0,0.5650802254676819,113.0,32.0,0.5640570521354675,103.0,30.0,0.5029788613319397,80.0,33.0,0.19815616309642792,82.0,32.0,0.5529727339744568,87.0,66.0,0.31617048382759094,73.0,64.0,0.5414889454841614,122.0,104.0,0.5950824618339539,75.0,100.0,0.6622651219367981,180.0,112.0,0.443193256855011,99.0,139.0,0.5966808795928955,33.0,125.0,0.257114440202713,37.0,128.0,0.4271165132522583,73.0,159.0,0.35635092854499817,121.0,172.0,0.6635123491287231,30.0,193.0,0.5617061853408813,51.0,215.0,0.5272091627120972,69.0,22.0,0.2257489114999771,71.0,17.0,0.2873688042163849,106.0,24.0,0.14384883642196655,73.0,25.0,0.7041634917259216,106.0,30.0,0.7757738828659058,47.0,58.0,0.6937211751937866,116.0,66.0,0.719783365726471,17.0,95.0,0.7913439869880676,147.0,105.0,0.5921019911766052,12.0,123.0,0.7425885200500488,176.0,134.0,0.46657317876815796,50.0,134.0,0.4767785370349884,95.0,133.0,0.4966704845428467,26.0,190.0,0.7001439332962036,105.0,160.0,0.6338685750961304,40.0,220.0,0.7599539756774902,105.0,203.0,0.7567983269691467
10,699,332,748,424,736,361,831,486,161.0,43.0,0.3838087022304535,161.0,34.0,0.4017201066017151,155.0,38.0,0.3650900721549988,120.0,29.0,0.153963103890419,119.0,32.0,0.4349896311759949,129.0,65.0,0.21530185639858246,106.0,70.0,0.3267352283000946,173.0,100.0,0.24741168320178986,112.0,99.0,0.37568652629852295,174.0,98.0,0.23319858312606812,146.0,140.0,0.3533366620540619,50.0,129.0,0.15415139496326447,61.0,129.0,0.2791224420070648,89.0,167.0,0.19394366443157196,170.0,181.0,0.4015776813030243,42.0,197.0,0.37983042001724243,79.0,219.0,0.43982645869255066,81.0,26.0,0.21796685457229614,81.0,21.0,0.2821750044822693,117.0,30.0,0.1254950314760208,82.0,29.0,0.6518370509147644,115.0,33.0,0.7541858553886414,52.0,62.0,0.6498112082481384,131.0,69.0,0.6965952515602112,23.0,95.0,0.7599262595176697,155.0,111.0,0.6262392401695251,17.0,121.0,0.6898306012153625,173.0,141.0,0.6427796483039856,58.0,130.0,0.4705716669559479,103.0,133.0,0.4734627306461334,28.0,186.0,0.7057355642318726,113.0,162.0,0.6390718817710876,47.0,217.0,0.7606303095817566,116.0,203.0,0.7447682619094849
11,700,330,750,424,736,359,821,484,161.0,48.0,0.3889496326446533,167.0,38.0,0.4276534616947174,155.0,42.0,0.4260682761669159,128.0,33.0,0.19446615874767303,127.0,33.0,0.4416404962539673,139.0,69.0,0.23050037026405334,114.0,70.0,0.33709999918937683,164.0,92.0,0.2605132758617401,116.0,95.0,0.40167492628097534,174.0,98.0,0.2873333692550659,146.0,138.0,0.3911811113357544,58.0,129.0,0.17179958522319794,80.0,129.0,0.24526146054267883,89.0,170.0,0.24062089622020721,162.0,179.0,0.27502894401550293,37.0,201.0,0.41549405455589294,75.0,221.0,0.43631625175476074,85.0,22.0,0.27351078391075134,89.0,17.0,0.3020972013473511,90.0,15.0,0.09462915360927582,91.0,27.0,0.5988777279853821,128.0,32.0,0.6999654173851013,57.0,60.0,0.6094974875450134,147.0,70.0,0.6620559692382812,22.0,94.0,0.7508829236030579,163.0,116.0,0.6080669164657593,16.0,123.0,0.6536382436752319,173.0,149.0,0.6769002676010132,62.0,130.0,0.4314059019088745,112.0,132.0,0.45126762986183167,27.0,185.0,0.6633493304252625,122.0,167.0,0.6118427515029907,47.0,221.0,0.720284640789032,131.0,207.0,0.7217617630958557
12,700,328,755,424,735,357,812,484,165.0,45.0,0.32922637462615967,167.0,38.0,0.37226322293281555,155.0,44.0,0.31390833854675293,124.0,36.0,0.24962927401065826,126.0,36.0,0.5216805338859558,96.0,70.0,0.2121361345052719,114.0,70.0,0.27722010016441345,56.0,130.0,0.18963423371315002,120.0,92.0,0.2965065538883209,40.0,200.0,0.18347658216953278,140.0,136.0,0.3976284861564636,73.0,127.0,0.12352917343378067,98.0,144.0,0.162423238158226,85.0,170.0,0.2787051498889923,156.0,194.0,0.3835274577140808,37.0,205.0,0.29830148816108704,76.0,219.0,0.33705756068229675,93.0,22.0,0.1889028251171112,97.0,17.0,0.20093590021133423,141.0,30.0,0.1349850594997406,100.0,28.0,0.5344550609588623,140.0,32.0,0.6627933382987976,64.0,58.0,0.5333176255226135,162.0,70.0,0.5859639048576355,26.0,91.0,0.6693675518035889,171.0,115.0,0.5439291000366211,20.0,120.0,0.6330392956733704,173.0,149.0,0.7017563581466675,69.0,130.0,0.3967732787132263,120.0,136.0,0.40984222292900085,28.0,182.0,0.6347677707672119,134.0,168.0,0.5799415707588196,51.0,221.0,0.7049112319946289,144.0,207.0,0.6694943308830261
13,701,327,759,423,734,357,807,484,167.0,38.0,0.3484286963939667,168.0,33.0,0.3541077971458435,155.0,28.0,0.2944156229496002,124.0,33.0,0.25057101249694824,124.0,34.0,0.4454230070114136,98.0,70.0,0.18447577953338623,122.0,66.0,0.2241874784231186,63.0,129.0,0.19767554104328156,124.0,92.0,0.3026537299156189,40.0,204.0,0.21570977568626404,139.0,137.0,0.39895737171173096,74.0,126.0,0.11847367882728577,85.0,124.0,0.09310197830200195,88.0,174.0,0.19972902536392212,146.0,193.0,0.24152863025665283,33.0,211.0,0.2427029311656952,82.0,219.0,0.279756635427475,101.0,22.0,0.1723218560218811,103.0,12.0,0.22127650678157806,150.0,28.0,0.06892233341932297,104.0,26.0,0.48563075065612793,148.0,30.0,0.6072060465812683,69.0,58.0,0.5067673921585083,168.0,68.0,0.5757482647895813,27.0,89.0,0.5338703989982605,168.0,113.0,0.5581346154212952,20.0,119.0,0.5301414728164673,167.0,149.0,0.6638399958610535,69.0,130.0,0.39035558700561523,124.0,132.0,0.37987473607063293,31.0,181.0,0.6036070585250854,138.0,168.0,0.5329696536064148,49.0,221.0,0.6631050109863281,145.0,209.0,0.6096327900886536
14,701,327,761,423,733,357,805,484,171.0,38.0,0.33478787541389465,173.0,33.0,0.3153688609600067,160.0,28.0,0.28588181734085083,128.0,33.0,0.2185957431793213,130.0,32.0,0.4281857907772064,149.0,75.0,0.1758660525083542,134.0,68.0,0.15647022426128387,71.0,129.0,0.15731240808963776,77.0,126.0,0.17457197606563568,44.0,200.0,0.1888485550880432,143.0,139.0,0.28782105445861816,139.0,156.0,0.07639596611261368,140.0,164.0,0.08112529665231705,190.0,160.0,0.1276872605085373,190.0,160.0,0.2548670768737793,84.0,221.0,0.15838980674743652,88.0,220.0,0.21656805276870728,101.0,22.0,0.20523953437805176,105.0,14.0,0.19826766848564148,150.0,28.0,0.06367088109254837,106.0,26.0,0.45135369896888733,148.0,30.0,0.5979839563369751,69.0,58.0,0.5015355348587036,168.0,68.0,0.5474200248718262,25.0,91.0,0.4540611207485199,166.0,113.0,0.5360902547836304,20.0,116.0,0.46969422698020935,161.0,149.0,0.6212199330329895,70.0,130.0,0.3793284595012665,124.0,132.0,0.3862856924533844,32.0,178.0,0.584486186504364,135.0,168.0,0.4947868585586548,43.0,221.0,0.6577567458152771,135.0,211.0,0.6403895020484924
15,701,327,765,422,732,358,805,484,175.0,36.0,0.4216918647289276,175.0,28.0,0.41849514842033386,167.0,24.0,0.404611736536026,132.0,32.0,0.30762779712677,138.0,32.0,0.4772370457649231,108.0,74.0,0.19993743300437927,142.0,68.0,0.22113798558712006,102.0,172.0,0.15517054498195648,139.0,91.0,0.1865110993385315,44.0,204.0,0.25000321865081787,151.0,145.0,0.30391010642051697,86.0,130.0,0.09951403737068176,91.0,125.0,0.07770136743783951,100.0,174.0,0.13961851596832275,153.0,163.0,0.09126787632703781,34.0,215.0,0.23815570771694183,100.0,220.0,0.2529706060886383,97.0,22.0,0.1738341599702835,99.0,17.0,0.17194890975952148,123.0,12.0,0.06535295397043228,104.0,26.0,0.4684178829193115,146.0,30.0,0.5619021654129028,63.0,60.0,0.4832758903503418,165.0,68.0,0.5533818006515503,29.0,91.0,0.3525245487689972,161.0,113.0,0.525698184967041,14.0,107.0,0.27695152163505554,155.0,151.0,0.5944818258285522,66.0,130.0,0.34158653020858765,120.0,132.0,0.34032922983169556,36.0,180.0,0.5153655409812927,132.0,165.0,0.294315904378891,33.0,221.0,0.6599815487861633,123.0,211.0,0.5441579818725586
16,701,329,769,420,731,359,803,485,177.0,36.0,0.32999786734580994,179.0,28.0,0.4286976456642151,168.0,28.0,0.34860581159591675,140.0,33.0,0.2649374008178711,142.0,33.0,0.4733014404773712,111.0,76.0,0.19451458752155304,114.0,78.0,0.16303887963294983,82.0,134.0,0.16536924242973328,85.0,132.0,0.16905194520950317,40.0,212.0,0.2389235496520996,159.0,145.0,0.26691174507141113,151.0,236.0,0.05422976240515709,161.0,244.0,0.05932183191180229,105.0,219.0,0.14631184935569763,105.0,219.0,0.12336158752441406,31.0,225.0,0.3030853569507599,32.0,223.0,0.16463568806648254,97.0,22.0,0.1657436043024063,102.0,14.0,0.13407525420188904,68.0,10.0,0.0729227215051651,104.0,26.0,0.42838233709335327,147.0,31.0,0.5756377577781677,65.0,62.0,0.42749151587486267,165.0,68.0,0.5577607750892639,20.0,94.0,0.4729405641555786,164.0,112.0,0.5623982548713684,18.0,120.0,0.396232008934021,159.0,151.0,0.6146832704544067,65.0,130.0,0.3308594822883606,120.0,132.0,0.3088826835155487,40.0,180.0,0.4355001151561737,145.0,163.0,0.27872970700263977,27.0,223.0,0.570527970790863,120.0,215.0,0.5740820169448853
17,700,329,776,422,728,360,803,486,173.0,48.0,0.47896814346313477,174.0,37.0,0.49754953384399414,167.0,43.0,0.44285714626312256,140.0,33.0,0.3817973732948303,147.0,35.0,0.4964058995246887,110.0,76.0,0.3244103491306305,150.0,73.0,0.43869784474372864,84.0,130.0,0.15459704399108887,152.0,125.0,0.48827672004699707,32.0,219.0,0.19067586958408356,175.0,147.0,0.3114083409309387,91.0,128.0,0.11473109573125839,120.0,168.0,0.06903938204050064,97.0,215.0,0.24662059545516968,96.0,215.0,0.25142982602119446,28.0,225.0,0.2329685091972351,32.0,223.0,0.2130342423915863,73.0,28.0,0.18834245204925537,90.0,16.0,0.24097779393196106,87.0,5.0,0.10764095187187195,98.0,22.0,0.4276781976222992,144.0,34.0,0.5416359901428223,59.0,60.0,0.46778619289398193,163.0,70.0,0.5311518311500549,28.0,95.0,0.5625016093254089,162.0,115.0,0.5999211072921753,26.0,119.0,0.47309181094169617,161.0,152.0,0.6334919929504395,68.0,134.0,0.34627681970596313,121.0,137.0,0.3190075159072876,44.0,184.0,0.5177149772644043,133.0,172.0,0.4177021086215973,24.0,224.0,0.6220546364784241,121.0,217.0,0.6068344712257385
18,700,331,781,421,727,360,801,485,173.0,48.0,0.49261578917503357,175.0,41.0,0.5428045988082886,168.0,43.0,0.5088731646537781,140.0,33.0,0.3616330623626709,146.0,34.0,0.46544837951660156,116.0,72.0,0.23968960344791412,150.0,68.0,0.24231156706809998,89.0,191.0,0.1336723119020462,139.0,123.0,0.12871482968330383,30.0,223.0,0.20285892486572266,156.0,145.0,0.15340691804885864,91.0,128.0,0.09682253003120422,102.0,128.0,0.08003077656030655,88.0,182.0,0.09781032800674438,82.0,193.0,0.1174909770488739,27.0,229.0,0.16332890093326569,28.0,228.0,0.20024502277374268,89.0,30.0,0.2542318105697632,93.0,29.0,0.29001086950302124,151.0,34.0,0.15044072270393372,97.0,29.0,0.5012576580047607,145.0,37.0,0.6012046933174133,63.0,62.0,0.46899423003196716,165.0,72.0,0.5768661499023438,28.0,99.0,0.38988029956817627,164.0,116.0,0.6052448153495789,30.0,115.0,0.15208719670772552,167.0,155.0,0.6467035412788391,62.0,138.0,0.3255053460597992,120.0,140.0,0.30976393818855286,49.0,188.0,0.5736196637153625,141.0,174.0,0.43744876980781555,24.0,230.0,0.6178942322731018,124.0,220.0,0.6298817992210388
