frame,abb_xmin,abb_ymin,abb_xmax,abb_ymax,bbb_xmin,bbb_ymin,bbb_xmax,bbb_ymax,a_nose_x,a_nose_y,a_nose_confidence,a_left_eye_x,a_left_eye_y,a_left_eye_confidence,a_right_eye_x,a_right_eye_y,a_right_eye_confidence,a_left_ear_x,a_left_ear_y,a_left_ear_confidence,a_right_ear_x,a_right_ear_y,a_right_ear_confidence,a_left_shoulder_x,a_left_shoulder_y,a_left_shoulder_confidence,a_right_shoulder_x,a_right_shoulder_y,a_right_shoulder_confidence,a_left_elbow_x,a_left_elbow_y,a_left_elbow_confidence,a_right_elbow_x,a_right_elbow_y,a_right_elbow_confidence,a_left_wrist_x,a_left_wrist_y,a_left_wrist_confidence,a_right_wrist_x,a_right_wrist_y,a_right_wrist_confidence,a_left_hip_x,a_left_hip_y,a_left_hip_confidence,a_right_hip_x,a_right_hip_y,a_right_hip_confidence,a_left_knee_x,a_left_knee_y,a_left_knee_confidence,a_right_knee_x,a_right_knee_y,a_right_knee_confidence,a_left_ankle_x,a_left_ankle_y,a_left_ankle_confidence,a_right_ankle_x,a_right_ankle_y,a_right_ankle_confidence,b_nose_x,b_nose_y,b_nose_confidence,b_left_eye_x,b_left_eye_y,b_left_eye_confidence,b_right_eye_x,b_right_eye_y,b_right_eye_confidence,b_left_ear_x,b_left_ear_y,b_left_ear_confidence,b_right_ear_x,b_right_ear_y,b_right_ear_confidence,b_left_shoulder_x,b_left_shoulder_y,b_left_shoulder_confidence,b_right_shoulder_x,b_right_shoulder_y,b_right_shoulder_confidence,b_left_elbow_x,b_left_elbow_y,b_left_elbow_confidence,b_right_elbow_x,b_right_elbow_y,b_right_elbow_confidence,b_left_wrist_x,b_left_wrist_y,b_left_wrist_confidence,b_right_wrist_x,b_right_wrist_y,b_right_wrist_confidence,b_left_hip_x,b_left_hip_y,b_left_hip_confidence,b_right_hip_x,b_right_hip_y,b_right_hip_confidence,b_left_knee_x,b_left_knee_y,b_left_knee_confidence,b_right_knee_x,b_right_knee_y,b_right_knee_confidence,b_left_ankle_x,b_left_ankle_y,b_left_ankle_confidence,b_right_ankle_x,b_right_ankle_y,b_right_ankle_confidence
0,704,354,775,419,627,358,732,520,157.0,55.0,0.64119952917099,159.0,46.0,0.7070225477218628,149.0,44.0,0.7109156847000122,130.0,40.0,0.1468309909105301,127.0,41.0,0.5755047798156738,99.0,60.0,0.14941376447677612,101.0,66.0,0.28540539741516113,137.0,105.0,0.21913708746433258,124.0,98.0,0.31556200981140137,167.0,132.0,0.21677669882774353,167.0,133.0,0.24651160836219788,61.0,122.0,0.14177024364471436,31.0,115.0,0.2176791876554489,89.0,139.0,0.25217822194099426,86.0,140.0,0.2382858395576477,111.0,219.0,0.3685557246208191,108.0,212.0,0.40687456727027893,55.0,28.0,0.2799108028411865,55.0,28.0,0.3976913392543793,54.0,27.0,0.14746882021427155,59.0,28.0,0.5535284876823425,96.0,26.0,0.6528033018112183,39.0,55.0,0.5601266026496887,131.0,57.0,0.5268925428390503,12.0,90.0,0.8386093974113464,159.0,92.0,0.7196637392044067,35.0,110.0,0.6970486640930176,173.0,129.0,0.7484287619590759,86.0,126.0,0.4625317454338074,133.0,121.0,0.4745459258556366,60.0,180.0,0.6929623484611511,108.0,157.0,0.6207978129386902,116.0,224.0,0.6551125049591064,131.0,199.0,0.714529275894165
1,705,357,781,419,628,358,733,520,148.0,54.0,0.6273325085639954,151.0,46.0,0.6588225960731506,142.0,44.0,0.677975058555603,151.0,48.0,0.16428257524967194,119.0,39.0,0.5328719019889832,99.0,56.0,0.11622229218482971,94.0,64.0,0.19334101676940918,133.0,113.0,0.23761864006519318,116.0,96.0,0.2465585172176361,175.0,145.0,0.3194597661495209,52.0,131.0,0.28374844789505005,60.0,125.0,0.11004051566123962,29.0,105.0,0.13604092597961426,81.0,135.0,0.23618631064891815,6.0,168.0,0.22832538187503815,99.0,213.0,0.36695918440818787,100.0,211.0,0.32191944122314453,53.0,30.0,0.2806060016155243,53.0,30.0,0.4211018681526184,52.0,27.0,0.17936399579048157,57.0,31.0,0.5856665968894958,93.0,29.0,0.6918730139732361,38.0,58.0,0.5902385115623474,130.0,58.0,0.5342109203338623,14.0,94.0,0.8321472406387329,157.0,92.0,0.7295413017272949,35.0,111.0,0.6371029019355774,173.0,129.0,0.7633890509605408,88.0,126.0,0.4645771086215973,135.0,121.0,0.47426170110702515,54.0,180.0,0.7070380449295044,110.0,158.0,0.6376160383224487,107.0,227.0,0.6641336679458618,133.0,201.0,0.7199742794036865
2,705,358,783,419,632,359,734,521,141.0,56.0,0.6086872816085815,145.0,48.0,0.6110346913337708,137.0,46.0,0.6313105821609497,134.0,44.0,0.17137716710567474,123.0,37.0,0.48615577816963196,95.0,52.0,0.16406525671482086,92.0,58.0,0.23559698462486267,125.0,115.0,0.28632283210754395,120.0,108.0,0.34691911935806274,165.0,150.0,0.33153945207595825,163.0,149.0,0.3874257504940033,61.0,109.0,0.16962607204914093,29.0,97.0,0.32537275552749634,81.0,135.0,0.18490487337112427,80.0,134.0,0.31933462619781494,99.0,217.0,0.3189736306667328,96.0,211.0,0.43876922130584717,45.0,30.0,0.18109744787216187,46.0,30.0,0.24335160851478577,95.0,30.0,0.17593835294246674,53.0,31.0,0.5274702310562134,88.0,30.0,0.6728522777557373,35.0,59.0,0.6009626388549805,126.0,58.0,0.5285051465034485,10.0,96.0,0.8210388422012329,155.0,92.0,0.759232759475708,36.0,115.0,0.6414973139762878,175.0,131.0,0.7588328719139099,84.0,126.0,0.4599209427833557,135.0,121.0,0.48761487007141113,48.0,180.0,0.7202928066253662,111.0,158.0,0.6417292356491089,90.0,228.0,0.6739118099212646,133.0,201.0,0.7103061079978943
3,706,358,783,419,633,362,735,525,141.0,56.0,0.5982032418251038,145.0,48.0,0.6172100305557251,137.0,46.0,0.6304458379745483,134.0,42.0,0.18193408846855164,124.0,38.0,0.5083900690078735,100.0,52.0,0.18657143414020538,95.0,56.0,0.23786741495132446,123.0,121.0,0.2757066488265991,112.0,108.0,0.42234933376312256,159.0,162.0,0.34330877661705017,159.0,161.0,0.45607423782348633,53.0,105.0,0.18617257475852966,23.0,95.0,0.41746044158935547,45.0,168.0,0.286276251077652,78.0,136.0,0.37957778573036194,5.0,163.0,0.26513609290122986,95.0,211.0,0.5212571620941162,43.0,31.0,0.1848994493484497,43.0,30.0,0.32454290986061096,91.0,30.0,0.3248918354511261,49.0,31.0,0.5438201427459717,87.0,29.0,0.7076815366744995,34.0,58.0,0.5861322283744812,127.0,57.0,0.5767629146575928,11.0,95.0,0.7918362021446228,152.0,91.0,0.7292473316192627,39.0,115.0,0.6281795501708984,175.0,129.0,0.7602677941322327,85.0,123.0,0.4622718393802643,135.0,121.0,0.5122447609901428,50.0,176.0,0.6811881065368652,113.0,154.0,0.6477478742599487,80.0,228.0,0.7058271765708923,135.0,195.0,0.7336792349815369
4,707,357,780,419,634,366,738,527,146.0,58.0,0.6499679684638977,151.0,50.0,0.6676285862922668,143.0,46.0,0.6837610602378845,130.0,40.0,0.14440089464187622,125.0,41.0,0.526334285736084,104.0,52.0,0.18830232322216034,95.0,75.0,0.2807532846927643,124.0,136.0,0.17308682203292847,120.0,135.0,0.3587574064731598,157.0,176.0,0.22976049780845642,155.0,177.0,0.5433287024497986,54.0,104.0,0.18386276066303253,23.0,95.0,0.44362592697143555,44.0,172.0,0.3944423794746399,80.0,134.0,0.3885606527328491,99.0,218.0,0.22911985218524933,96.0,212.0,0.5076793432235718,41.0,30.0,0.1602282077074051,39.0,32.0,0.25166183710098267,91.0,31.0,0.22003652155399323,49.0,31.0,0.5365691781044006,86.0,30.0,0.6866852641105652,36.0,58.0,0.5555416941642761,119.0,57.0,0.552682638168335,12.0,96.0,0.8252732753753662,151.0,92.0,0.7498014569282532,40.0,115.0,0.6619877815246582,173.0,130.0,0.7400239706039429,83.0,124.0,0.46230581402778625,131.0,121.0,0.5207688808441162,50.0,178.0,0.6788743138313293,115.0,151.0,0.5966141223907471,78.0,228.0,0.6818940043449402,132.0,190.0,0.7150001525878906
5,705,355,774,419,635,371,743,528,159.0,58.0,0.6104497313499451,163.0,48.0,0.6280487179756165,157.0,46.0,0.6209424734115601,136.0,37.0,0.15410739183425903,138.0,38.0,0.5334495902061462,116.0,52.0,0.23037782311439514,107.0,76.0,0.35410985350608826,117.0,111.0,0.10501769185066223,120.0,143.0,0.4684564173221588,153.0,184.0,0.14069630205631256,151.0,187.0,0.5741596221923828,53.0,101.0,0.16604134440422058,29.0,95.0,0.4445642828941345,52.0,174.0,0.38605403900146484,90.0,140.0,0.35272833704948425,111.0,219.0,0.22693441808223724,108.0,215.0,0.47039222717285156,37.0,26.0,0.14273159205913544,36.0,27.0,0.21373401582241058,86.0,28.0,0.2571081519126892,47.0,31.0,0.5243354439735413,84.0,28.0,0.6572747826576233,36.0,58.0,0.5535233020782471,115.0,55.0,0.6313315629959106,11.0,99.0,0.8146491050720215,146.0,92.0,0.7209241986274719,43.0,116.0,0.6524664759635925,169.0,133.0,0.7454182505607605,77.0,124.0,0.4699384570121765,127.0,121.0,0.5167464017868042,48.0,180.0,0.6798902750015259,110.0,149.0,0.6120864152908325,73.0,229.0,0.6880320310592651,127.0,188.0,0.7136808633804321
6,706,353,769,418,636,376,745,528,166.0,56.0,0.5668140053749084,173.0,46.0,0.6221970915794373,165.0,42.0,0.611259937286377,142.0,36.0,0.15344350039958954,141.0,37.0,0.5856890082359314,123.0,57.0,0.2244899719953537,110.0,70.0,0.28962671756744385,117.0,127.0,0.111821249127388,108.0,132.0,0.24443419277668,124.0,188.0,0.10122459381818771,123.0,189.0,0.2647480368614197,61.0,109.0,0.18393397331237793,29.0,100.0,0.4047234356403351,53.0,176.0,0.34594374895095825,55.0,176.0,0.20840679109096527,1.0,173.0,0.19998764991760254,111.0,219.0,0.3756372034549713,88.0,28.0,0.10278157889842987,40.0,31.0,0.1853136271238327,83.0,28.0,0.3023677170276642,47.0,31.0,0.5691785216331482,82.0,28.0,0.6875441074371338,35.0,60.0,0.5677264928817749,114.0,58.0,0.6452915668487549,13.0,99.0,0.8197281956672668,148.0,96.0,0.7266760468482971,46.0,113.0,0.6172738075256348,171.0,135.0,0.7500728368759155,76.0,126.0,0.4615154564380646,129.0,121.0,0.4861592948436737,45.0,181.0,0.6703351140022278,111.0,148.0,0.6309705376625061,70.0,228.0,0.6702423691749573,123.0,187.0,0.6965311765670776
7,703,350,768,419,638,380,748,528,167.0,54.0,0.5495240688323975,171.0,46.0,0.5889074206352234,161.0,42.0,0.5940805673599243,176.0,50.0,0.1790049821138382,140.0,37.0,0.5734408497810364,122.0,64.0,0.20879240334033966,107.0,76.0,0.4423670470714569,113.0,115.0,0.1014539822936058,98.0,136.0,0.4449688196182251,121.0,191.0,0.10424261540174484,113.0,189.0,0.40174347162246704,69.0,113.0,0.17920978367328644,39.0,103.0,0.3698980212211609,60.0,174.0,0.327666312456131,76.0,149.0,0.22568674385547638,0.0,175.0,0.2626464366912842,123.0,219.0,0.2370879203081131,99.0,31.0,0.11029666662216187,39.0,28.0,0.13980084657669067,83.0,27.0,0.2940009534358978,49.0,31.0,0.5472676157951355,80.0,28.0,0.6236608624458313,38.0,58.0,0.5943411588668823,114.0,56.0,0.6957466006278992,12.0,98.0,0.7976866960525513,147.0,96.0,0.738602340221405,41.0,105.0,0.47668224573135376,169.0,135.0,0.7225158214569092,73.0,128.0,0.48384493589401245,125.0,125.0,0.4937056303024292,39.0,181.0,0.6786915063858032,108.0,145.0,0.5335075855255127,66.0,228.0,0.6701620817184448,115.0,184.0,0.6764253973960876
8,704,349,767,419,641,381,749,528,165.0,49.0,0.45842593908309937,170.0,40.0,0.49675408005714417,161.0,38.0,0.5137857794761658,174.0,45.0,0.20942039787769318,136.0,33.0,0.6012897491455078,126.0,68.0,0.1848243921995163,99.0,72.0,0.4159523844718933,105.0,107.0,0.11235135793685913,82.0,128.0,0.3901093006134033,92.0,136.0,0.0666687935590744,80.0,183.0,0.1269599348306656,61.0,109.0,0.2038036584854126,35.0,105.0,0.38093987107276917,56.0,172.0,0.1570102721452713,103.0,144.0,0.20990729331970215,122.0,217.0,0.19606290757656097,120.0,217.0,0.3444424867630005,85.0,24.0,0.11629743129014969,39.0,28.0,0.12010305374860764,83.0,24.0,0.32778868079185486,47.0,31.0,0.5435981750488281,80.0,29.0,0.6185302138328552,36.0,58.0,0.5685674548149109,115.0,56.0,0.6736189126968384,12.0,97.0,0.7783045768737793,148.0,96.0,0.7196038961410522,39.0,100.0,0.430810809135437,171.0,135.0,0.7420034408569336,73.0,130.0,0.4871535897254944,127.0,125.0,0.4938198924064636,39.0,179.0,0.6804817914962769,110.0,145.0,0.43280577659606934,61.0,228.0,0.6923700571060181,108.0,184.0,0.668826162815094
9,705,347,765,419,646,381,750,528,165.0,45.0,0.42276936769485474,170.0,36.0,0.45135271549224854,157.0,34.0,0.4812454879283905,174.0,41.0,0.21048720180988312,136.0,30.0,0.5018504858016968,124.0,68.0,0.18631592392921448,98.0,68.0,0.3936530649662018,102.0,100.0,0.07047431915998459,65.0,118.0,0.4980439841747284,93.0,123.0,0.04650707542896271,58.0,173.0,0.46955808997154236,55.0,112.0,0.13839583098888397,31.0,105.0,0.3568682372570038,53.0,171.0,0.17817340791225433,110.0,148.0,0.39183685183525085,128.0,223.0,0.27687737345695496,127.0,223.0,0.40659570693969727,131.0,32.0,0.0958247184753418,83.0,28.0,0.10308486968278885,83.0,24.0,0.24884441494941711,47.0,31.0,0.4878549873828888,80.0,26.0,0.5758219361305237,33.0,58.0,0.5326226949691772,117.0,56.0,0.6564767956733704,12.0,95.0,0.7745669484138489,151.0,96.0,0.7177111506462097,39.0,96.0,0.37547099590301514,173.0,133.0,0.722262442111969,74.0,128.0,0.4684017300605774,129.0,123.0,0.48634395003318787,42.0,178.0,0.6436017751693726,108.0,147.0,0.436566025018692,56.0,228.0,0.7043921947479248,103.0,184.0,0.6718862056732178
10,703,346,762,419,650,379,751,527,170.0,40.0,0.34640395641326904,173.0,30.0,0.38677701354026794,159.0,29.0,0.39936646819114685,174.0,33.0,0.17607681453227997,136.0,26.0,0.46301886439323425,124.0,60.0,0.10126964002847672,102.0,58.0,0.22961758077144623,148.0,100.0,0.09340406954288483,30.0,108.0,0.10517402738332748,146.0,97.0,0.09481696039438248,83.0,145.0,0.19898927211761475,70.0,116.0,0.16073061525821686,37.0,109.0,0.2814437448978424,49.0,176.0,0.3204236626625061,113.0,150.0,0.3941650092601776,1.0,177.0,0.20276018977165222,134.0,223.0,0.4204406142234802,131.0,26.0,0.1543983817100525,50.0,229.0,0.11617618054151535,83.0,26.0,0.1338145136833191,49.0,31.0,0.49769318103790283,82.0,24.0,0.5553247332572937,40.0,56.0,0.5111981630325317,119.0,55.0,0.6306427717208862,16.0,92.0,0.746393620967865,152.0,95.0,0.7061979174613953,39.0,92.0,0.3283534348011017,175.0,131.0,0.7417847514152527,77.0,126.0,0.4443642497062683,133.0,121.0,0.4570139944553375,51.0,175.0,0.623240053653717,105.0,149.0,0.43162259459495544,52.0,224.0,0.7007821202278137,97.0,186.0,0.6425502896308899
11,702,346,760,418,652,375,755,526,159.0,60.0,0.4239235520362854,164.0,50.0,0.3199988305568695,141.0,50.0,0.3874795734882355,130.0,16.0,0.05344804376363754,142.0,16.0,0.15914197266101837,150.0,41.0,0.05264689400792122,150.0,31.0,0.11760397255420685,113.0,151.0,0.11004284024238586,24.0,104.0,0.2063128799200058,161.0,111.0,0.07510498911142349,79.0,145.0,0.20036008954048157,74.0,127.0,0.08688636869192123,41.0,109.0,0.11868274211883545,117.0,155.0,0.17882704734802246,35.0,174.0,0.198837548494339,139.0,225.0,0.23518867790699005,140.0,228.0,0.23966650664806366,127.0,35.0,0.3911471366882324,109.0,26.0,0.33502548933029175,126.0,29.0,0.4321012496948242,49.0,31.0,0.4388611912727356,84.0,26.0,0.5331466794013977,44.0,54.0,0.5334720611572266,122.0,56.0,0.6336689591407776,20.0,92.0,0.7496929168701172,152.0,94.0,0.7270294427871704,43.0,91.0,0.37962573766708374,175.0,129.0,0.7502747774124146,83.0,125.0,0.4655715823173523,133.0,121.0,0.473647803068161,63.0,171.0,0.5932708978652954,106.0,151.0,0.4363877475261688,48.0,220.0,0.7222633361816406,88.0,188.0,0.6405975222587585
12,701,337,760,459,653,371,751,522,159.0,36.0,0.10927016288042068,83.0,96.0,0.1714974194765091,133.0,44.0,0.16327466070652008,32.0,106.0,0.16470113396644592,64.0,111.0,0.14708489179611206,73.0,142.0,0.14342650771141052,78.0,145.0,0.2804555892944336,113.0,186.0,0.15928715467453003,112.0,188.0,0.3761899471282959,155.0,232.0,0.20242153108119965,152.0,231.0,0.29418814182281494,7.0,230.0,0.09607689082622528,94.0,221.0,0.13488705456256866,113.0,111.0,0.2401406466960907,113.0,107.0,0.3799973130226135,136.0,151.0,0.3617877960205078,136.0,152.0,0.36262983083724976,128.0,39.0,0.2575550079345703,129.0,34.0,0.26971331238746643,130.0,33.0,0.21975451707839966,61.0,33.0,0.4140786826610565,93.0,29.0,0.5916123390197754,51.0,58.0,0.5184674263000488,132.0,56.0,0.6004705429077148,30.0,92.0,0.7625119686126709,164.0,95.0,0.7212401032447815,57.0,88.0,0.38929039239883423,185.0,129.0,0.7642768025398254,96.0,126.0,0.42750048637390137,145.0,121.0,0.451652467250824,72.0,170.0,0.5786443948745728,105.0,153.0,0.3289651870727539,56.0,224.0,0.7010798454284668,92.0,198.0,0.6196168065071106
13,703,335,762,450,665,368,755,520,132.0,48.0,0.23986686766147614,143.0,42.0,0.3389928638935089,135.0,40.0,0.23299738764762878,148.0,44.0,0.11528179049491882,110.0,38.0,0.2500861585140228,95.0,129.0,0.07976333796977997,76.0,56.0,0.08515597879886627,113.0,187.0,0.10076874494552612,12.0,84.0,0.129524365067482,163.0,239.0,0.10797267407178879,67.0,115.0,0.23180444538593292,62.0,130.0,0.057533830404281616,15.0,124.0,0.06396259367465973,97.0,123.0,0.20089638233184814,97.0,119.0,0.265163391828537,129.0,165.0,0.348152756690979,128.0,164.0,0.21954002976417542,89.0,4.0,0.23779280483722687,95.0,4.0,0.1873084157705307,95.0,4.0,0.14294014871120453,50.0,32.0,0.404815137386322,82.0,26.0,0.4505690634250641,51.0,56.0,0.4769795835018158,123.0,53.0,0.4677684009075165,15.0,91.0,0.7256056070327759,157.0,91.0,0.5970767140388489,39.0,87.0,0.3395689129829407,185.0,125.0,0.6760063767433167,91.0,124.0,0.39731889963150024,145.0,121.0,0.433866024017334,50.0,164.0,0.6118959784507751,86.0,160.0,0.2595987617969513,59.0,221.0,0.6412612199783325,76.0,200.0,0.5338737964630127
14,702,335,761,385,668,362,761,516,136.0,72.0,0.33242088556289673,144.0,60.0,0.3923046886920929,123.0,60.0,0.3283412456512451,155.0,64.0,0.34840136766433716,104.0,59.0,0.43382903933525085,135.0,108.0,0.2876615822315216,64.0,110.0,0.35707247257232666,132.0,164.0,0.21126976609230042,17.0,167.0,0.34088000655174255,163.0,222.0,0.2771802246570587,71.0,241.0,0.16619756817817688,135.0,248.0,0.06144777312874794,84.0,254.0,0.08090858161449432,141.0,159.0,0.04595780372619629,14.0,168.0,0.10767778009176254,161.0,221.0,0.1269364356994629,75.0,255.0,0.1531919240951538,46.0,36.0,0.1707693189382553,44.0,36.0,0.2713746428489685,23.0,75.0,0.13269135355949402,54.0,36.0,0.4868330955505371,84.0,28.0,0.44340595602989197,56.0,59.0,0.5136184096336365,126.0,54.0,0.49783721566200256,18.0,84.0,0.4399925470352173,155.0,91.0,0.5858634114265442,2.0,98.0,0.19055898487567902,177.0,124.0,0.5931195616722107,89.0,126.0,0.3458641469478607,141.0,125.0,0.3948328495025635,38.0,174.0,0.6579441428184509,83.0,165.0,0.2758009433746338,80.0,220.0,0.5885719656944275,60.0,207.0,0.44330865144729614
15,704,333,764,388,669,360,761,510,114.0,68.0,0.29835987091064453,127.0,56.0,0.35850006341934204,106.0,55.0,0.3279859125614166,140.0,60.0,0.35032376646995544,88.0,55.0,0.43633049726486206,122.0,106.0,0.2013065069913864,50.0,106.0,0.3054971992969513,128.0,164.0,0.12377887964248657,12.0,147.0,0.19237251579761505,153.0,211.0,0.17276224493980408,34.0,233.0,0.13046839833259583,126.0,232.0,0.062228359282016754,64.0,237.0,0.08783389627933502,125.0,138.0,0.04735032096505165,17.0,150.0,0.05172714218497276,160.0,218.0,0.0749562680721283,31.0,224.0,0.11609181761741638,57.0,34.0,0.20440620183944702,57.0,32.0,0.2504214644432068,23.0,74.0,0.2184545248746872,65.0,35.0,0.49042537808418274,99.0,27.0,0.49574896693229675,68.0,59.0,0.5524696111679077,131.0,55.0,0.5528649687767029,25.0,83.0,0.3572932779788971,163.0,93.0,0.6123061776161194,16.0,75.0,0.18669655919075012,186.0,121.0,0.4786490201950073,97.0,130.0,0.35030490159988403,151.0,129.0,0.3961358964443207,39.0,177.0,0.7002216577529907,86.0,164.0,0.28602853417396545,104.0,219.0,0.5964576601982117,65.0,205.0,0.573669970035553
17,674,332,766,384,666,353,768,498,133.0,68.0,0.4374144673347473,141.0,56.0,0.5016593337059021,127.0,56.0,0.45949169993400574,148.0,52.0,0.3626263737678528,111.0,57.0,0.4567647874355316,125.0,113.0,0.24643385410308838,88.0,110.0,0.2662643492221832,141.0,180.0,0.2436961978673935,45.0,165.0,0.2286354899406433,175.0,237.0,0.19838625192642212,2.0,219.0,0.23851647973060608,97.0,229.0,0.1693379431962967,63.0,223.0,0.15512879192829132,101.0,255.0,0.07294492423534393,74.0,136.0,0.0682176947593689,185.0,255.0,0.15401631593704224,69.0,254.0,0.10898471623659134,58.0,38.0,0.43550795316696167,63.0,32.0,0.4631127119064331,63.0,31.0,0.3160923421382904,76.0,41.0,0.5032451748847961,111.0,37.0,0.49810168147087097,71.0,68.0,0.47406718134880066,143.0,67.0,0.6060827970504761,29.0,93.0,0.6007947325706482,177.0,105.0,0.4199018180370331,18.0,90.0,0.5430029630661011,182.0,113.0,0.16694235801696777,109.0,140.0,0.41100332140922546,159.0,139.0,0.434134840965271,58.0,186.0,0.7137939929962158,106.0,176.0,0.3368300795555115,136.0,223.0,0.5672000050544739,80.0,220.0,0.5031805038452148
19,673,328,762,379,665,353,780,495,137.0,68.0,0.5034904479980469,142.0,57.0,0.5777153968811035,131.0,57.0,0.5463125109672546,151.0,61.0,0.5613096952438354,118.0,61.0,0.591019332408905,137.0,121.0,0.3897959589958191,93.0,113.0,0.4396396577358246,149.0,174.0,0.3638922870159149,53.0,167.0,0.3799282908439636,171.0,216.0,0.41868942975997925,14.0,217.0,0.36763113737106323,120.0,253.0,0.24049139022827148,78.0,247.0,0.1960483342409134,121.0,255.0,0.08652736991643906,92.0,254.0,0.08152727037668228,117.0,255.0,0.13031433522701263,87.0,255.0,0.1757390797138214,61.0,58.0,0.32048726081848145,83.0,28.0,0.2952421307563782,59.0,52.0,0.19761522114276886,88.0,38.0,0.49285849928855896,119.0,37.0,0.5607969164848328,80.0,68.0,0.5781511068344116,143.0,66.0,0.6354166269302368,47.0,83.0,0.5077708959579468,164.0,88.0,0.3345506191253662,22.0,91.0,0.6299358606338501,178.0,94.0,0.49782872200012207,113.0,141.0,0.4582253098487854,155.0,141.0,0.47998714447021484,74.0,190.0,0.6878316402435303,118.0,176.0,0.3194809854030609,140.0,227.0,0.6244493126869202,99.0,215.0,0.560983419418335
20,672,328,747,380,666,357,784,496,165.0,64.0,0.5411919951438904,170.0,52.0,0.6160192489624023,157.0,52.0,0.6093841791152954,180.0,54.0,0.5123999118804932,142.0,54.0,0.5672669410705566,167.0,112.0,0.2120596170425415,114.0,102.0,0.3444720506668091,191.0,175.0,0.08292344957590103,69.0,151.0,0.3734555244445801,16.0,216.0,0.0638587549328804,26.0,204.0,0.37573403120040894,150.0,248.0,0.10790422558784485,93.0,217.0,0.19363977015018463,157.0,255.0,0.06083440035581589,91.0,216.0,0.12393614649772644,161.0,255.0,0.08274180442094803,114.0,255.0,0.10222741216421127,91.0,30.0,0.34022095799446106,91.0,28.0,0.41069456934928894,87.0,24.0,0.16623836755752563,94.0,32.0,0.5933499336242676,127.0,31.0,0.6040298342704773,87.0,62.0,0.6146844029426575,146.0,62.0,0.6305208802223206,49.0,76.0,0.5002220869064331,156.0,80.0,0.19523826241493225,22.0,83.0,0.6187424659729004,180.0,80.0,0.21539293229579926,115.0,141.0,0.4800770580768585,155.0,137.0,0.4914284646511078,80.0,188.0,0.7134442925453186,130.0,164.0,0.41399818658828735,140.0,227.0,0.6566629409790039,106.0,207.0,0.4773739278316498
21,673,326,747,382,667,358,788,496,163.0,66.0,0.490530401468277,170.0,56.0,0.5147424340248108,155.0,55.0,0.47297877073287964,180.0,56.0,0.475119024515152,140.0,55.0,0.5092566013336182,162.0,110.0,0.22268913686275482,117.0,97.0,0.3609180450439453,79.0,136.0,0.05285782366991043,69.0,143.0,0.41973644495010376,20.0,202.0,0.09124740213155746,27.0,197.0,0.4971722364425659,101.0,208.0,0.1045929417014122,93.0,208.0,0.2816680669784546,153.0,255.0,0.06625588238239288,128.0,254.0,0.19242949783802032,162.0,254.0,0.1132747232913971,126.0,255.0,0.12855584919452667,93.0,26.0,0.3091030716896057,93.0,26.0,0.3116493225097656,139.0,16.0,0.1742182821035385,98.0,31.0,0.6268355846405029,131.0,29.0,0.6447951793670654,88.0,60.0,0.6705056428909302,147.0,60.0,0.7066672444343567,53.0,73.0,0.5208088755607605,164.0,75.0,0.36957743763923645,24.0,79.0,0.6471671462059021,180.0,74.0,0.47592684626579285,115.0,139.0,0.5181828737258911,155.0,135.0,0.5281076431274414,82.0,188.0,0.7289630174636841,134.0,160.0,0.5221197009086609,136.0,227.0,0.652309000492096,122.0,195.0,0.6405888795852661
22,674,325,747,386,668,358,794,496,165.0,54.0,0.5211637020111084,171.0,44.0,0.5999914407730103,158.0,44.0,0.6220208406448364,180.0,48.0,0.506601095199585,139.0,47.0,0.5692945122718811,175.0,91.0,0.22375403344631195,113.0,89.0,0.474630206823349,191.0,148.0,0.12501196563243866,69.0,135.0,0.4757431745529175,20.0,194.0,0.061721496284008026,27.0,187.0,0.5199552774429321,131.0,204.0,0.07900188118219376,97.0,191.0,0.14214922487735748,190.0,152.0,0.07573346793651581,90.0,184.0,0.2140442132949829,137.0,254.0,0.12526288628578186,136.0,248.0,0.31798669695854187,99.0,30.0,0.2925852835178375,99.0,30.0,0.3153170645236969,101.0,30.0,0.1034841537475586,102.0,30.0,0.6141791939735413,132.0,30.0,0.6498884558677673,90.0,60.0,0.673238217830658,145.0,60.0,0.7146590948104858,53.0,73.0,0.5722353458404541,160.0,75.0,0.3729693293571472,22.0,77.0,0.6474934816360474,178.0,70.0,0.5793172121047974,113.0,140.0,0.5502220988273621,152.0,136.0,0.5623828768730164,81.0,188.0,0.725730836391449,142.0,159.0,0.47275739908218384,128.0,227.0,0.6748645305633545,131.0,191.0,0.6263605356216431
23,676,324,749,394,666,359,797,494,162.0,48.0,0.5431667566299438,167.0,38.0,0.6066734194755554,156.0,36.0,0.6303924918174744,178.0,44.0,0.4828442931175232,138.0,41.0,0.6223756074905396,166.0,82.0,0.2993455231189728,113.0,79.0,0.5078232288360596,176.0,140.0,0.13555721938610077,65.0,119.0,0.5454250574111938,191.0,204.0,0.06131850183010101,32.0,166.0,0.5857705473899841,138.0,207.0,0.06920146197080612,87.0,169.0,0.16178379952907562,45.0,255.0,0.0649854987859726,42.0,255.0,0.12633317708969116,136.0,217.0,0.06970489025115967,132.0,215.0,0.2728429138660431,109.0,26.0,0.24678468704223633,109.0,25.0,0.24421186745166779,58.0,30.0,0.10657485574483871,111.0,29.0,0.6455668807029724,139.0,29.0,0.7277143001556396,100.0,58.0,0.6911188960075378,151.0,60.0,0.7327332496643066,59.0,73.0,0.6086552739143372,167.0,70.0,0.37747126817703247,20.0,77.0,0.5737048983573914,179.0,65.0,0.5771310925483704,115.0,141.0,0.5890352725982666,152.0,137.0,0.5798127055168152,84.0,190.0,0.7621442675590515,148.0,163.0,0.4689784348011017,127.0,231.0,0.6934348344802856,145.0,187.0,0.6388784646987915
24,667,323,750,410,673,358,803,494,163.0,42.0,0.5157802104949951,169.0,34.0,0.5610811114311218,158.0,32.0,0.5951563119888306,178.0,36.0,0.4580410420894623,142.0,35.0,0.6007969379425049,171.0,68.0,0.3176459074020386,121.0,67.0,0.5154528617858887,190.0,111.0,0.15506623685359955,83.0,95.0,0.5939395427703857,184.0,112.0,0.06411727517843246,58.0,136.0,0.6332415342330933,123.0,132.0,0.07725691795349121,99.0,133.0,0.21487219631671906,109.0,191.0,0.2017684131860733,109.0,194.0,0.14515568315982819,45.0,220.0,0.24830757081508636,136.0,172.0,0.22911064326763153,105.0,26.0,0.28311535716056824,108.0,24.0,0.27843979001045227,54.0,30.0,0.11321083456277847,111.0,31.0,0.6531386375427246,138.0,30.0,0.718361496925354,102.0,60.0,0.6850419044494629,151.0,62.0,0.7480796575546265,65.0,75.0,0.6979267597198486,164.0,68.0,0.42179059982299805,26.0,81.0,0.6611244678497314,179.0,65.0,0.5647909641265869,111.0,141.0,0.566983699798584,145.0,137.0,0.5447903871536255,79.0,190.0,0.7762177586555481,148.0,164.0,0.3677401542663574,117.0,229.0,0.7064957618713379,151.0,173.0,0.506599485874176
25,673,323,752,409,675,358,808,494,159.0,45.0,0.4577275216579437,164.0,34.0,0.5108733773231506,154.0,32.0,0.5177354216575623,174.0,40.0,0.4338243007659912,136.0,37.0,0.5749748349189758,163.0,75.0,0.2595541179180145,113.0,67.0,0.4951227307319641,191.0,123.0,0.165704607963562,77.0,99.0,0.5219777226448059,191.0,131.0,0.08308009058237076,54.0,140.0,0.5976513624191284,91.0,128.0,0.13329054415225983,89.0,131.0,0.2018461525440216,140.0,180.0,0.2153661698102951,105.0,190.0,0.3073619306087494,120.0,241.0,0.29668736457824707,48.0,215.0,0.40400347113609314,109.0,30.0,0.347983717918396,110.0,26.0,0.344096839427948,109.0,22.0,0.15556620061397552,114.0,31.0,0.6724349856376648,142.0,30.0,0.7313080430030823,107.0,61.0,0.7102872133255005,151.0,62.0,0.7474643588066101,69.0,79.0,0.6551456451416016,169.0,68.0,0.42911508679389954,28.0,87.0,0.5546253323554993,180.0,64.0,0.5495485663414001,109.0,137.0,0.5704700350761414,143.0,137.0,0.5617820620536804,82.0,186.0,0.7205113768577576,148.0,164.0,0.3932764232158661,109.0,225.0,0.7352488040924072,155.0,177.0,0.4217325747013092
26,682,324,757,415,684,361,811,493,145.0,45.0,0.36155983805656433,155.0,42.0,0.4852277636528015,139.0,32.0,0.3792409598827362,160.0,41.0,0.4270544648170471,123.0,36.0,0.5078064203262329,153.0,73.0,0.2812996506690979,101.0,63.0,0.43747323751449585,176.0,112.0,0.15172730386257172,63.0,95.0,0.4648987948894501,182.0,119.0,0.18371064960956573,42.0,137.0,0.5239177942276001,79.0,124.0,0.2027420997619629,73.0,124.0,0.3217342793941498,93.0,176.0,0.24221061170101166,130.0,168.0,0.3871612846851349,102.0,225.0,0.2889046370983124,103.0,227.0,0.2912229299545288,109.0,26.0,0.3609467148780823,109.0,22.0,0.3651527166366577,109.0,18.0,0.16750358045101166,114.0,28.0,0.6358185410499573,143.0,29.0,0.7056807279586792,106.0,60.0,0.6998778581619263,151.0,61.0,0.7408513426780701,65.0,79.0,0.6218954920768738,172.0,64.0,0.43375569581985474,19.0,89.0,0.5566055774688721,183.0,59.0,0.5537329316139221,105.0,137.0,0.5786687135696411,141.0,137.0,0.5884227752685547,80.0,188.0,0.705659806728363,148.0,166.0,0.5117362141609192,99.0,223.0,0.7364890575408936,147.0,187.0,0.5643466711044312
27,690,325,762,413,699,363,816,493,127.0,60.0,0.48858147859573364,139.0,50.0,0.5979493856430054,121.0,50.0,0.6338933110237122,153.0,50.0,0.48370227217674255,106.0,44.0,0.4711853265762329,145.0,89.0,0.22153005003929138,82.0,72.0,0.3365876078605652,176.0,132.0,0.17394152283668518,61.0,89.0,0.26270315051078796,178.0,135.0,0.1095205545425415,34.0,139.0,0.3236512839794159,66.0,128.0,0.09325280785560608,54.0,126.0,0.17955730855464935,113.0,175.0,0.20009805262088776,111.0,174.0,0.39867281913757324,90.0,241.0,0.1912657469511032,92.0,248.0,0.1722514033317566,97.0,22.0,0.2740764319896698,101.0,22.0,0.3346935212612152,141.0,24.0,0.13433963060379028,105.0,29.0,0.5968385338783264,139.0,31.0,0.6768472790718079,98.0,60.0,0.6934586763381958,146.0,61.0,0.7100317478179932,65.0,79.0,0.5841308832168579,165.0,63.0,0.39004868268966675,10.0,95.0,0.4946686029434204,180.0,56.0,0.46320611238479614,93.0,137.0,0.5287606120109558,133.0,133.0,0.495257169008255,69.0,186.0,0.6503574848175049,147.0,151.0,0.38312920928001404,81.0,217.0,0.7382315993309021,136.0,184.0,0.6546385884284973
