frame,abb_xmin,abb_ymin,abb_xmax,abb_ymax,bbb_xmin,bbb_ymin,bbb_xmax,bbb_ymax,a_nose_x,a_nose_y,a_nose_confidence,a_left_eye_x,a_left_eye_y,a_left_eye_confidence,a_right_eye_x,a_right_eye_y,a_right_eye_confidence,a_left_ear_x,a_left_ear_y,a_left_ear_confidence,a_right_ear_x,a_right_ear_y,a_right_ear_confidence,a_left_shoulder_x,a_left_shoulder_y,a_left_shoulder_confidence,a_right_shoulder_x,a_right_shoulder_y,a_right_shoulder_confidence,a_left_elbow_x,a_left_elbow_y,a_left_elbow_confidence,a_right_elbow_x,a_right_elbow_y,a_right_elbow_confidence,a_left_wrist_x,a_left_wrist_y,a_left_wrist_confidence,a_right_wrist_x,a_right_wrist_y,a_right_wrist_confidence,a_left_hip_x,a_left_hip_y,a_left_hip_confidence,a_right_hip_x,a_right_hip_y,a_right_hip_confidence,a_left_knee_x,a_left_knee_y,a_left_knee_confidence,a_right_knee_x,a_right_knee_y,a_right_knee_confidence,a_left_ankle_x,a_left_ankle_y,a_left_ankle_confidence,a_right_ankle_x,a_right_ankle_y,a_right_ankle_confidence,b_nose_x,b_nose_y,b_nose_confidence,b_left_eye_x,b_left_eye_y,b_left_eye_confidence,b_right_eye_x,b_right_eye_y,b_right_eye_confidence,b_left_ear_x,b_left_ear_y,b_left_ear_confidence,b_right_ear_x,b_right_ear_y,b_right_ear_confidence,b_left_shoulder_x,b_left_shoulder_y,b_left_shoulder_confidence,b_right_shoulder_x,b_right_shoulder_y,b_right_shoulder_confidence,b_left_elbow_x,b_left_elbow_y,b_left_elbow_confidence,b_right_elbow_x,b_right_elbow_y,b_right_elbow_confidence,b_left_wrist_x,b_left_wrist_y,b_left_wrist_confidence,b_right_wrist_x,b_right_wrist_y,b_right_wrist_confidence,b_left_hip_x,b_left_hip_y,b_left_hip_confidence,b_right_hip_x,b_right_hip_y,b_right_hip_confidence,b_left_knee_x,b_left_knee_y,b_left_knee_confidence,b_right_knee_x,b_right_knee_y,b_right_knee_confidence,b_left_ankle_x,b_left_ankle_y,b_left_ankle_confidence,b_right_ankle_x,b_right_ankle_y,b_right_ankle_confidence
0,688,311,771,389,633,398,744,574,83.0,24.0,0.734897792339325,81.0,20.0,0.5740469694137573,76.0,20.0,0.7552337646484375,56.0,33.0,0.43412163853645325,64.0,31.0,0.6237226128578186,53.0,64.0,0.6366939544677734,95.0,50.0,0.631373405456543,59.0,88.0,0.23436890542507172,139.0,55.0,0.5622169375419617,72.0,116.0,0.07722640037536621,181.0,53.0,0.3806188404560089,65.0,134.0,0.45225954055786133,97.0,133.0,0.4584745764732361,49.0,186.0,0.49497556686401367,127.0,172.0,0.5094420909881592,28.0,224.0,0.4761629104614258,135.0,223.0,0.5916324257850647,132.0,36.0,0.5724621415138245,131.0,32.0,0.4147684872150421,131.0,31.0,0.6615011692047119,90.0,30.0,0.4389224350452423,124.0,34.0,0.7109373807907104,40.0,56.0,0.6172959208488464,141.0,68.0,0.7210898399353027,13.0,91.0,0.8118723034858704,148.0,108.0,0.706885039806366,53.0,95.0,0.18709902465343475,167.0,147.0,0.7369002103805542,38.0,136.0,0.4228397607803345,92.0,136.0,0.4318855106830597,60.0,168.0,0.6344556212425232,125.0,177.0,0.5670967698097229,35.0,212.0,0.7113668322563171,88.0,224.0,0.6925060153007507
1,692,311,775,385,636,395,749,572,79.0,28.0,0.7295850515365601,73.0,24.0,0.580402135848999,70.0,24.0,0.7321178317070007,52.0,37.0,0.4257681369781494,60.0,37.0,0.7147194147109985,49.0,66.0,0.6830126047134399,90.0,59.0,0.6559639573097229,61.0,95.0,0.1924491673707962,125.0,75.0,0.6102485656738281,167.0,82.0,0.18105685710906982,165.0,81.0,0.4951132535934448,64.0,141.0,0.4394523799419403,93.0,137.0,0.4594433605670929,51.0,197.0,0.5435579419136047,126.0,179.0,0.5339570641517639,28.0,232.0,0.4764331579208374,128.0,232.0,0.6172347664833069,128.0,36.0,0.6465853452682495,130.0,30.0,0.4836675524711609,127.0,33.0,0.7157745957374573,91.0,32.0,0.40778931975364685,120.0,34.0,0.7122488021850586,43.0,54.0,0.6419674158096313,139.0,67.0,0.72685706615448,12.0,88.0,0.8331172466278076,151.0,109.0,0.7401689291000366,47.0,93.0,0.22232107818126678,173.0,145.0,0.7454277873039246,38.0,132.0,0.4457818269729614,92.0,136.0,0.4554503262042999,64.0,162.0,0.5656063556671143,132.0,170.0,0.6239573359489441,40.0,208.0,0.7214586138725281,95.0,216.0,0.7347037196159363
2,698,312,766,386,639,393,754,567,79.0,26.0,0.6112696528434753,74.0,20.0,0.5067312717437744,70.0,20.0,0.64399254322052,56.0,34.0,0.39639729261398315,57.0,35.0,0.6829169392585754,49.0,64.0,0.5504359602928162,95.0,61.0,0.5520224571228027,136.0,88.0,0.1514192521572113,135.0,89.0,0.4801481068134308,185.0,107.0,0.17514704167842865,182.0,102.0,0.416300892829895,66.0,141.0,0.3409099578857422,101.0,137.0,0.3520779013633728,55.0,198.0,0.43295472860336304,140.0,175.0,0.4540548622608185,28.0,224.0,0.3563025891780853,139.0,231.0,0.49509909749031067,128.0,40.0,0.5303162932395935,127.0,34.0,0.3785424530506134,127.0,33.0,0.6414505243301392,89.0,32.0,0.4177939295768738,121.0,36.0,0.6934530735015869,43.0,56.0,0.6440114974975586,137.0,68.0,0.7230133414268494,11.0,89.0,0.8380395174026489,151.0,111.0,0.7299908995628357,51.0,95.0,0.19606353342533112,171.0,147.0,0.7410534024238586,38.0,136.0,0.4680118262767792,91.0,137.0,0.4702734351158142,65.0,165.0,0.571210503578186,138.0,168.0,0.6526042819023132,39.0,209.0,0.7103625535964966,100.0,216.0,0.7411916255950928
3,697,312,758,386,642,391,759,562,92.0,22.0,0.640586256980896,87.0,16.0,0.551368236541748,84.0,18.0,0.6408513188362122,66.0,34.0,0.3499310612678528,69.0,33.0,0.696605384349823,61.0,60.0,0.5110912322998047,103.0,61.0,0.44379276037216187,129.0,70.0,0.1440318375825882,128.0,95.0,0.4069114923477173,135.0,70.0,0.22912169992923737,142.0,108.0,0.25003746151924133,80.0,141.0,0.3486356735229492,114.0,136.0,0.3203900158405304,75.0,206.0,0.519204318523407,166.0,175.0,0.4577561318874359,33.0,227.0,0.4024292826652527,159.0,229.0,0.5861737132072449,128.0,40.0,0.48123863339424133,127.0,34.0,0.37822839617729187,127.0,35.0,0.6242280006408691,88.0,34.0,0.455801397562027,121.0,37.0,0.6947247385978699,44.0,58.0,0.6459115743637085,135.0,71.0,0.7276957035064697,12.0,92.0,0.8543020486831665,151.0,113.0,0.7304739952087402,43.0,99.0,0.19667750597000122,175.0,149.0,0.7304745316505432,37.0,139.0,0.48543956875801086,89.0,141.0,0.4746095538139343,66.0,165.0,0.5406452417373657,145.0,169.0,0.6760950684547424,35.0,211.0,0.7246487140655518,116.0,220.0,0.7529686689376831
4,700,312,758,387,646,391,762,559,89.0,19.0,0.6374678015708923,82.0,12.0,0.496895432472229,78.0,16.0,0.6010258197784424,64.0,30.0,0.343816339969635,65.0,30.0,0.6965727806091309,61.0,58.0,0.4297167956829071,90.0,62.0,0.3276405334472656,119.0,74.0,0.254113107919693,106.0,96.0,0.42534056305885315,148.0,68.0,0.2890598475933075,132.0,127.0,0.23968997597694397,73.0,136.0,0.3443835377693176,96.0,133.0,0.3436269462108612,85.0,196.0,0.5130180716514587,163.0,172.0,0.5502910017967224,37.0,219.0,0.4520053267478943,159.0,227.0,0.6108249425888062,128.0,40.0,0.5127906203269958,130.0,34.0,0.36424365639686584,127.0,35.0,0.6078395843505859,88.0,34.0,0.46782487630844116,122.0,38.0,0.7030256390571594,47.0,58.0,0.6377538442611694,135.0,73.0,0.7143926024436951,12.0,92.0,0.8566851019859314,152.0,115.0,0.7536221146583557,44.0,98.0,0.23706206679344177,177.0,149.0,0.7528765797615051,39.0,140.0,0.4757438004016876,87.0,143.0,0.45625558495521545,65.0,165.0,0.5421255826950073,151.0,171.0,0.7027778625488281,29.0,209.0,0.728339672088623,139.0,224.0,0.7297585606575012
5,703,310,758,386,648,392,775,556,85.0,21.0,0.5195143222808838,81.0,16.0,0.4356202185153961,72.0,18.0,0.45975780487060547,56.0,33.0,0.3279135525226593,56.0,31.0,0.6149872541427612,56.0,60.0,0.26634547114372253,75.0,64.0,0.3586169183254242,101.0,103.0,0.14681467413902283,86.0,111.0,0.4588717520236969,112.0,140.0,0.10555997490882874,109.0,146.0,0.5341665744781494,67.0,143.0,0.20724989473819733,73.0,142.0,0.27829650044441223,89.0,194.0,0.3710801899433136,162.0,175.0,0.5059549808502197,37.0,223.0,0.40473535656929016,155.0,231.0,0.5129880309104919,120.0,40.0,0.503914475440979,122.0,34.0,0.33512890338897705,119.0,35.0,0.6019800901412964,84.0,35.0,0.47380656003952026,115.0,37.0,0.7323296666145325,48.0,60.0,0.6913806200027466,123.0,74.0,0.7363483905792236,15.0,95.0,0.8753918409347534,140.0,119.0,0.7867318391799927,44.0,100.0,0.26632460951805115,167.0,151.0,0.7628787159919739,39.0,140.0,0.4971919357776642,83.0,144.0,0.5118265748023987,61.0,169.0,0.6103062629699707,140.0,174.0,0.7149162888526917,27.0,209.0,0.7263136506080627,151.0,228.0,0.709115207195282
6,705,309,758,387,652,394,785,553,81.0,21.0,0.38763490319252014,74.0,12.0,0.39279136061668396,67.0,14.0,0.39491331577301025,52.0,29.0,0.32526639103889465,52.0,29.0,0.5845882892608643,56.0,60.0,0.23016539216041565,64.0,64.0,0.39640554785728455,101.0,99.0,0.18035779893398285,64.0,111.0,0.4959033727645874,107.0,108.0,0.1105135902762413,79.0,144.0,0.547868013381958,61.0,142.0,0.16268637776374817,91.0,141.0,0.18770679831504822,101.0,182.0,0.28697457909584045,154.0,167.0,0.38115376234054565,42.0,217.0,0.4305952489376068,155.0,227.0,0.5284720063209534,115.0,40.0,0.609777569770813,114.0,34.0,0.3762343227863312,115.0,35.0,0.663338303565979,79.0,35.0,0.47984716296195984,110.0,38.0,0.7431604862213135,46.0,62.0,0.7218612432479858,115.0,75.0,0.7707086801528931,16.0,98.0,0.8594754338264465,132.0,120.0,0.80144202709198,44.0,104.0,0.2814205586910248,159.0,153.0,0.7816765308380127,39.0,147.0,0.5191553831100464,79.0,148.0,0.5281795263290405,53.0,173.0,0.6266679167747498,135.0,179.0,0.7255769968032837,23.0,210.0,0.6991065740585327,149.0,232.0,0.7046951651573181
7,708,307,760,387,659,397,786,553,71.0,22.0,0.43708473443984985,67.0,16.0,0.42019471526145935,58.0,16.0,0.4307067394256592,40.0,29.0,0.22158800065517426,40.0,29.0,0.5511743426322937,71.0,58.0,0.3699686527252197,44.0,64.0,0.3791905641555786,106.0,84.0,0.4781251549720764,38.0,107.0,0.5117831826210022,155.0,92.0,0.4250878691673279,43.0,140.0,0.5127262473106384,82.0,128.0,0.15814082324504852,78.0,132.0,0.21668477356433868,86.0,180.0,0.2661043703556061,134.0,171.0,0.42641085386276245,44.0,218.0,0.4600179195404053,144.0,228.0,0.49045291543006897,112.0,40.0,0.48103609681129456,114.0,34.0,0.294339120388031,115.0,35.0,0.5607137680053711,75.0,35.0,0.4761110544204712,109.0,39.0,0.7257406711578369,43.0,62.0,0.6926827430725098,113.0,76.0,0.7495176792144775,13.0,99.0,0.8400434255599976,130.0,120.0,0.7801902890205383,47.0,107.0,0.32681387662887573,161.0,151.0,0.7401018738746643,35.0,148.0,0.48841357231140137,77.0,150.0,0.48360350728034973,46.0,176.0,0.5925378203392029,142.0,176.0,0.7117060422897339,24.0,208.0,0.7323678731918335,147.0,232.0,0.7066389322280884
8,706,305,761,387,656,401,786,553,73.0,25.0,0.5041631460189819,69.0,18.0,0.5233244299888611,63.0,20.0,0.43809160590171814,44.0,32.0,0.22880865633487701,42.0,31.0,0.4993835389614105,68.0,62.0,0.3119131922721863,40.0,66.0,0.4092281460762024,108.0,86.0,0.3923273980617523,27.0,99.0,0.4865880012512207,151.0,99.0,0.40637263655662537,24.0,134.0,0.4669009745121002,73.0,131.0,0.18884477019309998,57.0,138.0,0.2536426782608032,89.0,178.0,0.38140130043029785,120.0,170.0,0.4822461009025574,48.0,220.0,0.4978717863559723,143.0,228.0,0.497823029756546,120.0,38.0,0.48540642857551575,123.0,32.0,0.27663394808769226,123.0,33.0,0.5110800862312317,83.0,35.0,0.47302863001823425,116.0,38.0,0.7431209087371826,52.0,62.0,0.6989467144012451,117.0,76.0,0.749248206615448,24.0,100.0,0.858818769454956,135.0,121.0,0.785793125629425,55.0,112.0,0.392992228269577,167.0,151.0,0.7513971924781799,43.0,148.0,0.49637892842292786,82.0,150.0,0.46342700719833374,56.0,174.0,0.5188939571380615,154.0,168.0,0.6983319520950317,24.0,207.0,0.7018770575523376,151.0,228.0,0.7251845002174377
9,704,303,760,386,655,404,789,551,77.0,29.0,0.5344317555427551,73.0,22.0,0.5895063281059265,64.0,22.0,0.4837881624698639,48.0,34.0,0.20111830532550812,44.0,33.0,0.5046979188919067,83.0,61.0,0.35329264402389526,38.0,66.0,0.45492392778396606,110.0,88.0,0.38636794686317444,21.0,99.0,0.41574081778526306,147.0,103.0,0.3645355701446533,12.0,128.0,0.31493625044822693,74.0,132.0,0.1981869637966156,51.0,135.0,0.2877272963523865,90.0,182.0,0.40538203716278076,115.0,176.0,0.5365793108940125,52.0,224.0,0.5422502756118774,143.0,231.0,0.4614330232143402,124.0,40.0,0.43525752425193787,127.0,34.0,0.24230797588825226,125.0,35.0,0.4651554226875305,88.0,34.0,0.4546656012535095,120.0,38.0,0.7387755513191223,59.0,64.0,0.7002981901168823,122.0,78.0,0.7512921094894409,33.0,103.0,0.8637943863868713,135.0,121.0,0.7752783894538879,62.0,112.0,0.384603887796402,171.0,151.0,0.743360161781311,47.0,148.0,0.4771580398082733,86.0,152.0,0.47680267691612244,68.0,170.0,0.4875631034374237,161.0,165.0,0.7018140554428101,27.0,208.0,0.7007752060890198,152.0,226.0,0.7071526050567627
10,698,302,758,386,655,407,795,551,88.0,33.0,0.5499382019042969,85.0,26.0,0.5942046046257019,75.0,26.0,0.4891761243343353,92.0,28.0,0.26449623703956604,56.0,37.0,0.5996637344360352,95.0,65.0,0.5012924075126648,44.0,68.0,0.5733444094657898,119.0,89.0,0.4495299160480499,27.0,99.0,0.41663727164268494,153.0,106.0,0.485350638628006,18.0,130.0,0.3515316843986511,81.0,134.0,0.3287021517753601,53.0,136.0,0.3684721887111664,104.0,178.0,0.40799301862716675,118.0,176.0,0.5204387903213501,60.0,227.0,0.48682868480682373,145.0,232.0,0.4027674198150635,128.0,36.0,0.3859708905220032,127.0,34.0,0.19329312443733215,127.0,31.0,0.4271858334541321,92.0,34.0,0.5242255330085754,122.0,36.0,0.7480718493461609,64.0,62.0,0.7220020294189453,123.0,74.0,0.7733775973320007,39.0,100.0,0.8704511523246765,136.0,120.0,0.7891328930854797,67.0,112.0,0.3920748233795166,171.0,151.0,0.7428807616233826,55.0,148.0,0.5203019380569458,91.0,152.0,0.48360058665275574,73.0,167.0,0.49526044726371765,159.0,161.0,0.7087575793266296,27.0,205.0,0.6812703013420105,152.0,224.0,0.7179904580116272
11,692,302,755,388,655,407,802,549,98.0,30.0,0.590411365032196,96.0,24.0,0.6152370572090149,87.0,26.0,0.5431753993034363,99.0,28.0,0.3735434114933014,67.0,35.0,0.6831120848655701,107.0,61.0,0.6356776356697083,56.0,66.0,0.6531403064727783,133.0,89.0,0.5563349723815918,31.0,95.0,0.5620033740997314,165.0,109.0,0.5532712936401367,14.0,120.0,0.5120651721954346,93.0,132.0,0.4315543472766876,68.0,135.0,0.44366952776908875,112.0,177.0,0.4420081079006195,128.0,173.0,0.5621476173400879,68.0,224.0,0.5719583630561829,147.0,228.0,0.5285354852676392,132.0,36.0,0.45117878913879395,131.0,34.0,0.2654096186161041,131.0,33.0,0.5083158016204834,96.0,34.0,0.5567582845687866,125.0,35.0,0.7721624970436096,71.0,62.0,0.7400262951850891,127.0,73.0,0.8011018633842468,45.0,99.0,0.8569586277008057,137.0,120.0,0.8270496726036072,71.0,112.0,0.44705531001091003,171.0,149.0,0.7560883164405823,61.0,152.0,0.5179014205932617,93.0,154.0,0.49401983618736267,69.0,173.0,0.5691583752632141,158.0,164.0,0.7260966897010803,26.0,208.0,0.6816738247871399,152.0,228.0,0.7338619232177734
12,687,303,751,389,659,407,808,547,105.0,33.0,0.5052167773246765,107.0,26.0,0.5369822978973389,94.0,28.0,0.448342502117157,112.0,29.0,0.48161551356315613,78.0,34.0,0.6326361894607544,121.0,61.0,0.6374414563179016,63.0,65.0,0.6561210751533508,149.0,89.0,0.5134682655334473,36.0,92.0,0.5619223117828369,177.0,113.0,0.46145710349082947,12.0,116.0,0.5206170678138733,105.0,128.0,0.44315385818481445,75.0,132.0,0.4687548875808716,116.0,174.0,0.43446052074432373,133.0,171.0,0.599614679813385,76.0,224.0,0.5617945194244385,143.0,227.0,0.5336860418319702,132.0,36.0,0.37638059258461,131.0,34.0,0.19813576340675354,131.0,31.0,0.45263949036598206,98.0,31.0,0.5502933263778687,127.0,33.0,0.7763147354125977,75.0,60.0,0.7551930546760559,131.0,71.0,0.8070940971374512,48.0,97.0,0.8720919489860535,140.0,119.0,0.8316081762313843,73.0,104.0,0.4772987365722656,175.0,145.0,0.7429866790771484,65.0,155.0,0.5350387096405029,95.0,156.0,0.5124086141586304,63.0,179.0,0.6334831118583679,157.0,166.0,0.7080882787704468,22.0,212.0,0.7014136910438538,151.0,228.0,0.725009560585022
13,681,304,748,389,663,405,819,548,110.0,30.0,0.514212965965271,111.0,22.0,0.5534738302230835,98.0,24.0,0.49995410442352295,118.0,25.0,0.5417768955230713,87.0,31.0,0.6322292685508728,131.0,59.0,0.6552608013153076,72.0,62.0,0.643079400062561,161.0,91.0,0.509913444519043,39.0,91.0,0.5464507341384888,183.0,117.0,0.5507401823997498,8.0,118.0,0.5018287897109985,113.0,128.0,0.4375464618206024,83.0,128.0,0.4284040033817291,139.0,172.0,0.3936382830142975,133.0,172.0,0.49939998984336853,136.0,224.0,0.37276315689086914,91.0,221.0,0.48720884323120117,132.0,32.0,0.4177228808403015,131.0,24.0,0.19123634696006775,131.0,27.0,0.47027096152305603,98.0,30.0,0.5912747383117676,128.0,32.0,0.7779802083969116,78.0,61.0,0.747936487197876,131.0,68.0,0.8352863192558289,51.0,94.0,0.8999902009963989,140.0,113.0,0.8386924266815186,78.0,96.0,0.5369197130203247,179.0,139.0,0.8007495999336243,69.0,152.0,0.5720601081848145,99.0,152.0,0.5326128602027893,58.0,178.0,0.6726632118225098,150.0,169.0,0.7351476550102234,17.0,211.0,0.7145906090736389,139.0,228.0,0.7430680394172668
14,675,304,745,389,666,402,830,548,119.0,29.0,0.44357824325561523,118.0,20.0,0.5031038522720337,108.0,24.0,0.44455698132514954,128.0,25.0,0.5122618675231934,94.0,32.0,0.6168168187141418,139.0,57.0,0.6647982001304626,80.0,60.0,0.6627635359764099,167.0,91.0,0.5077688097953796,47.0,91.0,0.5361653566360474,185.0,121.0,0.5513976216316223,13.0,115.0,0.49913451075553894,123.0,128.0,0.44744354486465454,91.0,131.0,0.44134441018104553,143.0,174.0,0.39058321714401245,134.0,173.0,0.6186535954475403,121.0,219.0,0.41999050974845886,104.0,221.0,0.5793148875236511,133.0,35.0,0.49291425943374634,134.0,30.0,0.24056501686573029,131.0,31.0,0.5261594653129578,100.0,32.0,0.6028982996940613,128.0,33.0,0.8063175082206726,83.0,62.0,0.7642214298248291,133.0,68.0,0.8423081636428833,55.0,91.0,0.8911270499229431,143.0,109.0,0.8399614095687866,83.0,93.0,0.4987281858921051,179.0,131.0,0.7856189012527466,73.0,151.0,0.5722631812095642,103.0,152.0,0.5575116872787476,59.0,179.0,0.7139448523521423,147.0,173.0,0.7116786241531372,20.0,208.0,0.7081977725028992,131.0,231.0,0.7346823811531067
15,671,303,743,390,675,401,843,548,120.0,30.0,0.5024257302284241,120.0,22.0,0.5486592054367065,108.0,26.0,0.48971837759017944,128.0,25.0,0.566351592540741,98.0,32.0,0.6382002234458923,143.0,56.0,0.6762808561325073,84.0,60.0,0.6917153000831604,167.0,91.0,0.5500287413597107,49.0,91.0,0.5590106844902039,183.0,120.0,0.5931868553161621,13.0,113.0,0.5106088519096375,129.0,128.0,0.5079308748245239,99.0,131.0,0.4581283926963806,141.0,173.0,0.4936838150024414,130.0,173.0,0.6432451009750366,118.0,217.0,0.40569525957107544,108.0,219.0,0.6304932236671448,131.0,32.0,0.6073161959648132,131.0,30.0,0.32809877395629883,128.0,28.0,0.5823638439178467,97.0,31.0,0.616529107093811,125.0,32.0,0.7969177961349487,80.0,61.0,0.7506891489028931,131.0,64.0,0.8729661703109741,52.0,88.0,0.8752787113189697,140.0,103.0,0.8577247262001038,79.0,83.0,0.410608172416687,179.0,123.0,0.8007493019104004,73.0,148.0,0.5940737128257751,101.0,149.0,0.5796156525611877,59.0,179.0,0.735892117023468,137.0,177.0,0.6869811415672302,23.0,209.0,0.7338476181030273,116.0,232.0,0.7266024947166443
16,667,302,741,390,688,399,857,547,121.0,33.0,0.49938711524009705,125.0,22.0,0.5597527027130127,112.0,24.0,0.517956018447876,132.0,25.0,0.6208269000053406,102.0,32.0,0.652271032333374,147.0,56.0,0.6870399117469788,88.0,60.0,0.6999760270118713,169.0,89.0,0.57213294506073,57.0,87.0,0.5983712077140808,182.0,119.0,0.6155121922492981,23.0,111.0,0.5281068682670593,133.0,128.0,0.5213145017623901,101.0,131.0,0.4873529374599457,144.0,174.0,0.509158194065094,127.0,175.0,0.6839208602905273,121.0,217.0,0.4767973721027374,108.0,219.0,0.6227379441261292,120.0,32.0,0.4065714478492737,123.0,30.0,0.1730426549911499,119.0,31.0,0.4511316418647766,90.0,32.0,0.6331061124801636,119.0,32.0,0.8163394331932068,75.0,61.0,0.7424978613853455,125.0,64.0,0.8651688098907471,48.0,84.0,0.869905948638916,135.0,100.0,0.849644660949707,73.0,79.0,0.3737500011920929,175.0,119.0,0.8111120462417603,67.0,147.0,0.622898280620575,95.0,149.0,0.5738627314567566,56.0,180.0,0.7402664422988892,123.0,181.0,0.627220869064331,20.0,215.0,0.7336297035217285,103.0,232.0,0.7368592619895935
17,666,301,736,389,705,397,866,547,125.0,35.0,0.4655162990093231,129.0,26.0,0.48999738693237305,116.0,28.0,0.4508956968784332,136.0,28.0,0.6091859936714172,107.0,35.0,0.6187824010848999,154.0,58.0,0.6622074246406555,92.0,60.0,0.6594014763832092,175.0,91.0,0.5226652026176453,59.0,89.0,0.604336678981781,185.0,119.0,0.561328113079071,26.0,112.0,0.5616954565048218,137.0,132.0,0.5005993247032166,105.0,132.0,0.49005645513534546,147.0,176.0,0.5731250047683716,123.0,176.0,0.6760873198509216,126.0,221.0,0.5774988532066345,101.0,225.0,0.5894262194633484,116.0,34.0,0.342180073261261,113.0,24.0,0.1767776906490326,115.0,31.0,0.4185430109500885,85.0,30.0,0.5607433915138245,112.0,32.0,0.7704772353172302,68.0,62.0,0.7187547087669373,119.0,63.0,0.8492755889892578,39.0,83.0,0.8550521731376648,134.0,97.0,0.8356109857559204,68.0,75.0,0.3251047134399414,176.0,114.0,0.7766247391700745,61.0,144.0,0.5981622934341431,89.0,145.0,0.5505434274673462,54.0,180.0,0.7091658711433411,113.0,182.0,0.6252868175506592,23.0,219.0,0.7242878675460815,91.0,232.0,0.7258052229881287
18,664,301,734,389,726,395,878,548,125.0,37.0,0.5000500082969666,129.0,26.0,0.4839625358581543,112.0,28.0,0.4860137104988098,138.0,28.0,0.6465157270431519,107.0,33.0,0.6172333359718323,156.0,58.0,0.655418872833252,93.0,60.0,0.6468414664268494,177.0,92.0,0.5557713508605957,61.0,91.0,0.6194460988044739,182.0,121.0,0.5747860074043274,28.0,114.0,0.5526537895202637,139.0,132.0,0.43012794852256775,107.0,137.0,0.44369351863861084,144.0,178.0,0.4210454821586609,116.0,178.0,0.6270027160644531,128.0,223.0,0.5485841035842896,91.0,224.0,0.5746628046035767,107.0,35.0,0.3368139863014221,106.0,24.0,0.19923575222492218,107.0,31.0,0.4249744713306427,74.0,31.0,0.5276182889938354,103.0,33.0,0.7675187587738037,56.0,60.0,0.7079719305038452,110.0,63.0,0.8324160575866699,25.0,81.0,0.8321378231048584,127.0,95.0,0.8480443358421326,58.0,75.0,0.24935497343540192,172.0,112.0,0.7792839407920837,47.0,140.0,0.554567277431488,79.0,145.0,0.5250064134597778,53.0,177.0,0.7001155614852905,102.0,180.0,0.6466614603996277,25.0,221.0,0.7281532287597656,75.0,228.0,0.731948733329773
19,666,301,731,388,746,394,888,547,121.0,37.0,0.5356842279434204,125.0,28.0,0.4685157537460327,112.0,32.0,0.5020914077758789,138.0,29.0,0.655707061290741,104.0,34.0,0.5782921314239502,158.0,58.0,0.6088067293167114,91.0,61.0,0.6206589937210083,180.0,92.0,0.5639328956604004,55.0,91.0,0.6049373149871826,179.0,123.0,0.600761353969574,22.0,116.0,0.5527700781822205,139.0,138.0,0.3835204243659973,103.0,141.0,0.4010370969772339,143.0,180.0,0.36476585268974304,107.0,181.0,0.6010890007019043,132.0,224.0,0.5684434771537781,75.0,224.0,0.5335093140602112,97.0,35.0,0.32259151339530945,98.0,26.0,0.16030320525169373,97.0,31.0,0.3823399245738983,66.0,31.0,0.4772401750087738,94.0,34.0,0.744219958782196,43.0,60.0,0.7064061164855957,101.0,63.0,0.8140032291412354,10.0,80.0,0.8307139873504639,119.0,96.0,0.8399838209152222,42.0,75.0,0.22326546907424927,169.0,110.0,0.7686131000518799,33.0,143.0,0.5249032378196716,67.0,145.0,0.5300861597061157,54.0,178.0,0.6586074829101562,95.0,181.0,0.6703053712844849,28.0,226.0,0.7149301767349243,65.0,233.0,0.714174747467041
20,667,301,730,389,755,394,895,551,117.0,37.0,0.5574025511741638,121.0,28.0,0.4912717938423157,108.0,32.0,0.5156728625297546,134.0,29.0,0.6686697006225586,99.0,35.0,0.6174178123474121,154.0,59.0,0.6354761123657227,87.0,61.0,0.6467043161392212,179.0,95.0,0.6697471737861633,49.0,93.0,0.6177955865859985,171.0,123.0,0.6194854378700256,13.0,119.0,0.5764104127883911,137.0,138.0,0.39499494433403015,96.0,141.0,0.4115388095378876,145.0,174.0,0.4594149887561798,94.0,178.0,0.549667477607727,132.0,223.0,0.6123782992362976,57.0,224.0,0.5687070488929749,97.0,35.0,0.431852251291275,97.0,28.0,0.2550157606601715,99.0,31.0,0.47798991203308105,62.0,31.0,0.466036319732666,94.0,34.0,0.7297412157058716,40.0,58.0,0.7158179879188538,99.0,63.0,0.7984183430671692,8.0,76.0,0.8105360269546509,117.0,95.0,0.8352667689323425,38.0,71.0,0.22424252331256866,171.0,108.0,0.7787350416183472,31.0,141.0,0.5173853635787964,67.0,142.0,0.5031363368034363,66.0,174.0,0.5578680634498596,99.0,176.0,0.650929868221283,44.0,224.0,0.6880229115486145,64.0,232.0,0.7020840644836426
21,667,302,728,390,761,395,903,557,113.0,37.0,0.5251024961471558,119.0,26.0,0.46406733989715576,104.0,32.0,0.5081131458282471,134.0,28.0,0.6605392098426819,96.0,34.0,0.5852835178375244,155.0,57.0,0.6143777966499329,83.0,60.0,0.644772469997406,181.0,91.0,0.627355694770813,45.0,91.0,0.6042053699493408,167.0,120.0,0.6039143800735474,10.0,120.0,0.5741985440254211,136.0,134.0,0.40512847900390625,92.0,139.0,0.4279629588127136,145.0,172.0,0.4792764186859131,83.0,176.0,0.5309979915618896,136.0,219.0,0.6014003753662109,43.0,223.0,0.5433207750320435,100.0,32.0,0.2600415050983429,97.0,24.0,0.14917542040348053,99.0,29.0,0.3538203537464142,63.0,29.0,0.4864342510700226,94.0,32.0,0.7054862976074219,40.0,56.0,0.7079424262046814,99.0,60.0,0.8015256524085999,11.0,71.0,0.8098301291465759,115.0,95.0,0.839773952960968,39.0,67.0,0.196759432554245,169.0,105.0,0.7536512017250061,32.0,138.0,0.525959312915802,67.0,139.0,0.5173541307449341,72.0,168.0,0.5328527092933655,103.0,173.0,0.6689378619194031,58.0,221.0,0.6025630235671997,60.0,227.0,0.6556761264801025
22,667,302,728,390,768,396,910,564,109.0,35.0,0.5500876307487488,113.0,26.0,0.49476346373558044,100.0,28.0,0.520293653011322,130.0,29.0,0.647409200668335,92.0,34.0,0.592348039150238,149.0,59.0,0.5879544615745544,76.0,62.0,0.6026245355606079,175.0,88.0,0.5405868291854858,43.0,91.0,0.5778414607048035,157.0,119.0,0.5189600586891174,14.0,120.0,0.542652428150177,128.0,130.0,0.4294660687446594,83.0,133.0,0.4509730041027069,141.0,174.0,0.4667659401893616,67.0,181.0,0.5678994655609131,138.0,219.0,0.6169033646583557,35.0,223.0,0.5837648510932922,100.0,34.0,0.27493393421173096,98.0,26.0,0.1603335440158844,99.0,31.0,0.35465720295906067,64.0,30.0,0.4783081114292145,94.0,34.0,0.7176125645637512,43.0,56.0,0.6882471442222595,99.0,62.0,0.7865623235702515,9.0,67.0,0.7868743538856506,113.0,95.0,0.8143715858459473,41.0,67.0,0.14390818774700165,170.0,102.0,0.7368626594543457,35.0,136.0,0.5353600382804871,67.0,137.0,0.5319926738739014,79.0,167.0,0.52607262134552,110.0,174.0,0.6661417484283447,78.0,217.0,0.6099299192428589,67.0,224.0,0.6811206936836243
23,667,303,728,390,773,398,917,575,105.0,33.0,0.5610873699188232,110.0,22.0,0.5261616706848145,94.0,24.0,0.5390762686729431,124.0,26.0,0.6462305188179016,87.0,31.0,0.5950009226799011,144.0,58.0,0.5922175645828247,67.0,61.0,0.5965837836265564,167.0,89.0,0.4916185140609741,37.0,93.0,0.5411869883537292,151.0,116.0,0.4792381823062897,15.0,119.0,0.4852457046508789,123.0,128.0,0.4245469570159912,77.0,128.0,0.4468225836753845,140.0,174.0,0.5079941153526306,59.0,178.0,0.5648955702781677,137.0,220.0,0.6256815791130066,34.0,223.0,0.6031255125999451,100.0,34.0,0.26789334416389465,99.0,26.0,0.19673506915569305,101.0,30.0,0.3710125982761383,69.0,28.0,0.45126524567604065,94.0,34.0,0.7082459330558777,44.0,54.0,0.7109059691429138,99.0,62.0,0.7911982536315918,12.0,60.0,0.8061734437942505,115.0,93.0,0.8032190799713135,36.0,56.0,0.14461936056613922,171.0,97.0,0.7366997599601746,43.0,132.0,0.5326751470565796,73.0,133.0,0.5289162993431091,87.0,163.0,0.515457272529602,117.0,175.0,0.6679144501686096,82.0,209.0,0.5436703562736511,77.0,216.0,0.6964486241340637
24,668,303,727,390,780,401,925,580,101.0,33.0,0.5562304258346558,107.0,22.0,0.5234345197677612,90.0,24.0,0.5385938882827759,120.0,26.0,0.6238671541213989,81.0,29.0,0.5881607532501221,139.0,57.0,0.6001614928245544,63.0,61.0,0.6036083102226257,165.0,84.0,0.5049901008605957,33.0,91.0,0.45048803091049194,149.0,112.0,0.4592616558074951,21.0,115.0,0.39583611488342285,119.0,128.0,0.39063671231269836,72.0,128.0,0.40774768590927124,137.0,174.0,0.5001230835914612,55.0,176.0,0.48972606658935547,140.0,219.0,0.603526771068573,31.0,223.0,0.5908913612365723,101.0,31.0,0.23720940947532654,95.0,26.0,0.17655102908611298,101.0,30.0,0.3068322241306305,70.0,28.0,0.45197758078575134,94.0,34.0,0.7238260507583618,45.0,52.0,0.698867917060852,99.0,63.0,0.8087648153305054,12.0,56.0,0.7991369962692261,113.0,93.0,0.8070259690284729,20.0,57.0,0.12932270765304565,171.0,93.0,0.7444267868995667,43.0,132.0,0.5248798131942749,75.0,133.0,0.5296948552131653,87.0,161.0,0.5314520001411438,121.0,181.0,0.7259493470191956,68.0,202.0,0.7687100172042847,92.0,220.0,0.7009339928627014
25,668,302,724,390,786,405,931,585,104.0,34.0,0.4977595806121826,110.0,24.0,0.48366641998291016,94.0,24.0,0.4937700033187866,124.0,28.0,0.5952476859092712,83.0,31.0,0.571384072303772,144.0,60.0,0.5545251369476318,60.0,64.0,0.5770685076713562,165.0,88.0,0.43378734588623047,33.0,95.0,0.4325864613056183,153.0,114.0,0.43082159757614136,22.0,117.0,0.35367709398269653,125.0,130.0,0.383461058139801,72.0,133.0,0.39381879568099976,145.0,172.0,0.5416930317878723,57.0,174.0,0.479672908782959,145.0,221.0,0.6071940064430237,34.0,223.0,0.5850481986999512,100.0,35.0,0.3660891354084015,97.0,28.0,0.22071556746959686,99.0,31.0,0.4513682723045349,68.0,26.0,0.4475077688694,94.0,32.0,0.72669517993927,45.0,46.0,0.697391152381897,98.0,60.0,0.7984874844551086,12.0,52.0,0.7883383631706238,114.0,92.0,0.8069015145301819,20.0,53.0,0.12153559923171997,173.0,88.0,0.7236513495445251,45.0,131.0,0.5115322470664978,75.0,133.0,0.5266634225845337,87.0,159.0,0.5236525535583496,119.0,180.0,0.7077181339263916,63.0,195.0,0.7572463154792786,105.0,226.0,0.7070597410202026
26,668,302,722,390,795,408,938,596,105.0,33.0,0.5000975728034973,111.0,22.0,0.45422741770744324,94.0,24.0,0.4847007393836975,126.0,28.0,0.5933949947357178,83.0,31.0,0.5770840644836426,149.0,60.0,0.5261408686637878,59.0,65.0,0.5712003707885742,167.0,92.0,0.4467889368534088,32.0,96.0,0.4722929298877716,153.0,118.0,0.43902239203453064,26.0,122.0,0.35232609510421753,127.0,134.0,0.3614082634449005,72.0,136.0,0.37570786476135254,149.0,172.0,0.5336954593658447,57.0,173.0,0.44303029775619507,145.0,221.0,0.6010342240333557,35.0,224.0,0.5880021452903748,97.0,31.0,0.43226245045661926,98.0,26.0,0.2607133388519287,99.0,29.0,0.5029932260513306,66.0,23.0,0.4276668429374695,92.0,28.0,0.7060715556144714,45.0,42.0,0.7109253406524658,95.0,56.0,0.7778328061103821,12.0,46.0,0.7862873077392578,113.0,87.0,0.8242917656898499,36.0,44.0,0.12910491228103638,173.0,80.0,0.7017185091972351,46.0,124.0,0.5302174687385559,73.0,125.0,0.5262261629104614,79.0,149.0,0.4898448586463928,116.0,174.0,0.7091425657272339,53.0,182.0,0.7800798416137695,120.0,224.0,0.760361909866333
27,668,301,721,391,803,409,944,600,105.0,35.0,0.5212987065315247,113.0,26.0,0.4738323986530304,95.0,26.0,0.49136051535606384,129.0,30.0,0.5738024711608887,83.0,31.0,0.5763335824012756,150.0,62.0,0.5144119262695312,59.0,66.0,0.5518313646316528,169.0,92.0,0.41546347737312317,33.0,99.0,0.5196789503097534,153.0,120.0,0.41336435079574585,30.0,128.0,0.35448506474494934,127.0,134.0,0.37319013476371765,71.0,139.0,0.375356525182724,152.0,170.0,0.5615963339805603,58.0,170.0,0.4399116337299347,144.0,219.0,0.5965004563331604,35.0,220.0,0.5820526480674744,100.0,32.0,0.5993480682373047,99.0,26.0,0.344411164522171,99.0,27.0,0.626148521900177,64.0,24.0,0.4171060621738434,92.0,28.0,0.7060646414756775,45.0,42.0,0.68537437915802,95.0,56.0,0.7668012380599976,11.0,43.0,0.7764288783073425,116.0,85.0,0.7988807559013367,44.0,36.0,0.19224905967712402,174.0,74.0,0.6966812610626221,49.0,123.0,0.5126557350158691,77.0,125.0,0.5249629020690918,71.0,147.0,0.5289493799209595,118.0,176.0,0.6970387697219849,43.0,179.0,0.7665368914604187,112.0,226.0,0.7150774002075195
28,668,301,720,391,810,409,953,600,106.0,36.0,0.5145640969276428,114.0,26.0,0.4877168536186218,96.0,26.0,0.4876459240913391,130.0,30.0,0.5644063949584961,83.0,31.0,0.5712911486625671,152.0,63.0,0.5073679089546204,55.0,66.0,0.5243722200393677,169.0,92.0,0.37949779629707336,35.0,97.0,0.49518486857414246,153.0,122.0,0.39487069845199585,33.0,133.0,0.35780566930770874,129.0,136.0,0.3599538803100586,72.0,140.0,0.36554262042045593,154.0,170.0,0.5334640145301819,56.0,169.0,0.4265071153640747,144.0,220.0,0.5636398196220398,35.0,220.0,0.5506414771080017,97.0,31.0,0.5167889595031738,97.0,28.0,0.3009287714958191,95.0,27.0,0.5985031723976135,60.0,24.0,0.4229491949081421,90.0,28.0,0.713371217250824,46.0,41.0,0.6761876940727234,94.0,56.0,0.7769154906272888,12.0,40.0,0.7774556875228882,116.0,83.0,0.8057328462600708,36.0,32.0,0.3816247582435608,173.0,69.0,0.7293421030044556,50.0,124.0,0.5273133516311646,82.0,128.0,0.5294266939163208,61.0,149.0,0.6427907347679138,117.0,177.0,0.7018262147903442,35.0,178.0,0.8034036159515381,104.0,228.0,0.7347685694694519
29,667,301,720,391,817,405,956,599,109.0,36.0,0.5463420152664185,115.0,26.0,0.5135785341262817,97.0,26.0,0.5137936472892761,132.0,30.0,0.5747197270393372,85.0,31.0,0.5947138667106628,153.0,64.0,0.513766884803772,59.0,66.0,0.5455273985862732,167.0,99.0,0.3220680058002472,39.0,101.0,0.45775601267814636,154.0,128.0,0.34436845779418945,37.0,143.0,0.4314938187599182,129.0,130.0,0.3282147943973541,75.0,139.0,0.3225947916507721,153.0,169.0,0.5097041726112366,62.0,164.0,0.4308742880821228,144.0,223.0,0.5522831678390503,39.0,220.0,0.5441882014274597,97.0,35.0,0.4589388370513916,97.0,28.0,0.27201589941978455,95.0,31.0,0.5363740921020508,56.0,28.0,0.4400423765182495,90.0,32.0,0.6939398050308228,45.0,42.0,0.6902185678482056,95.0,57.0,0.7398214340209961,12.0,40.0,0.792887806892395,120.0,83.0,0.8013105988502502,42.0,32.0,0.4585534930229187,171.0,65.0,0.7572956085205078,52.0,126.0,0.5380323529243469,88.0,129.0,0.5408371686935425,46.0,156.0,0.7081026434898376,121.0,180.0,0.6854702234268188,31.0,182.0,0.8003807067871094,100.0,228.0,0.7114355564117432
30,669,302,720,391,819,402,956,599,106.0,32.0,0.5296590328216553,115.0,22.0,0.5537403225898743,95.0,24.0,0.5351642966270447,129.0,27.0,0.5747495293617249,83.0,29.0,0.578127920627594,153.0,64.0,0.5094143152236938,53.0,66.0,0.5227698683738708,167.0,104.0,0.340194970369339,35.0,101.0,0.43229737877845764,154.0,124.0,0.2780824601650238,38.0,144.0,0.38918715715408325,129.0,140.0,0.30522406101226807,72.0,140.0,0.32494744658470154,149.0,168.0,0.45925307273864746,58.0,167.0,0.37669679522514343,145.0,225.0,0.5477730631828308,31.0,221.0,0.475737601518631,101.0,35.0,0.5150756239891052,99.0,30.0,0.27382585406303406,99.0,31.0,0.568101704120636,60.0,28.0,0.42411017417907715,95.0,33.0,0.7026458978652954,49.0,42.0,0.7047147154808044,99.0,59.0,0.7195377349853516,19.0,39.0,0.7829006314277649,128.0,81.0,0.7839183807373047,49.0,28.0,0.5150553584098816,171.0,59.0,0.7472190260887146,58.0,128.0,0.5420265793800354,96.0,128.0,0.5356327295303345,44.0,158.0,0.7256371378898621,125.0,177.0,0.6464700102806091,28.0,186.0,0.7820755243301392,99.0,228.0,0.7026481032371521
31,669,303,720,392,818,399,952,599,106.0,32.0,0.49415674805641174,115.0,22.0,0.46120378375053406,96.0,22.0,0.4581232964992523,129.0,26.0,0.5348752737045288,83.0,29.0,0.5568967461585999,153.0,62.0,0.5023641586303711,56.0,64.0,0.5207016468048096,169.0,105.0,0.2941833734512329,36.0,103.0,0.39433661103248596,158.0,130.0,0.1940048485994339,42.0,140.0,0.3938252925872803,129.0,136.0,0.29384511709213257,75.0,139.0,0.3169548213481903,144.0,167.0,0.4429272413253784,57.0,166.0,0.3157915771007538,146.0,223.0,0.5395985841751099,31.0,219.0,0.43667545914649963,109.0,35.0,0.5633404850959778,107.0,30.0,0.37025734782218933,107.0,30.0,0.6218405961990356,64.0,25.0,0.38258808851242065,102.0,32.0,0.6836045384407043,55.0,42.0,0.694889485836029,107.0,57.0,0.6717064380645752,31.0,35.0,0.7979941368103027,145.0,78.0,0.7365064024925232,58.0,24.0,0.43102511763572693,178.0,47.0,0.6997892260551453,70.0,124.0,0.5482916831970215,109.0,125.0,0.493584543466568,52.0,160.0,0.697467029094696,130.0,176.0,0.6163849234580994,28.0,192.0,0.754517138004303,104.0,228.0,0.6996440887451172
32,669,303,720,393,818,397,948,598,108.0,34.0,0.5025573968887329,117.0,24.0,0.4651080071926117,98.0,24.0,0.46818485856056213,130.0,28.0,0.5487719178199768,87.0,29.0,0.54569411277771,153.0,61.0,0.5228291153907776,59.0,63.0,0.535752534866333,174.0,96.0,0.360757976770401,40.0,94.0,0.4526885747909546,169.0,123.0,0.2823031544685364,45.0,134.0,0.496050626039505,126.0,130.0,0.3231903910636902,72.0,132.0,0.29464399814605713,144.0,167.0,0.4764547348022461,52.0,167.0,0.4353381097316742,144.0,223.0,0.5967426300048828,31.0,216.0,0.5626700520515442,112.0,31.0,0.5817821621894836,112.0,30.0,0.3819185793399811,112.0,28.0,0.6262478232383728,72.0,24.0,0.3508198857307434,108.0,31.0,0.658141553401947,61.0,40.0,0.6484872102737427,117.0,56.0,0.605087399482727,40.0,30.0,0.7476695775985718,164.0,75.0,0.6975023150444031,65.0,19.0,0.39938926696777344,180.0,40.0,0.7032511830329895,82.0,120.0,0.5032917261123657,124.0,124.0,0.4472596049308777,60.0,160.0,0.6759768128395081,128.0,176.0,0.6150209307670593,28.0,198.0,0.7064350843429565,108.0,228.0,0.6968173384666443
33,670,304,722,393,819,391,952,598,110.0,32.0,0.4701918363571167,115.0,22.0,0.4519803524017334,98.0,24.0,0.4251846373081207,128.0,26.0,0.5273979306221008,83.0,27.0,0.5338269472122192,149.0,60.0,0.488875150680542,55.0,63.0,0.5347279906272888,173.0,96.0,0.3092266023159027,35.0,95.0,0.45535191893577576,171.0,120.0,0.20562827587127686,42.0,132.0,0.473201185464859,121.0,136.0,0.3260183334350586,64.0,136.0,0.29423028230667114,134.0,169.0,0.4849415719509125,46.0,165.0,0.4348476529121399,140.0,223.0,0.5869655609130859,23.0,216.0,0.5458154082298279,113.0,35.0,0.5083232522010803,115.0,30.0,0.34743598103523254,111.0,31.0,0.5486981272697449,72.0,24.0,0.3326273560523987,108.0,33.0,0.6456660628318787,63.0,42.0,0.6097282767295837,119.0,57.0,0.6038117408752441,44.0,29.0,0.7016041278839111,174.0,75.0,0.6680760979652405,73.0,12.0,0.4097815752029419,176.0,40.0,0.6904047131538391,86.0,116.0,0.4729229509830475,129.0,121.0,0.4351930320262909,68.0,162.0,0.671773374080658,122.0,172.0,0.6150091290473938,28.0,200.0,0.6894243359565735,112.0,226.0,0.7081583738327026
34,669,304,723,393,823,388,965,597,110.0,32.0,0.5337924361228943,117.0,22.0,0.5306168794631958,98.0,24.0,0.49925515055656433,129.0,26.0,0.5578435063362122,87.0,29.0,0.595440149307251,149.0,60.0,0.5127779841423035,59.0,62.0,0.5671861171722412,177.0,90.0,0.41622960567474365,37.0,95.0,0.5318961143493652,179.0,117.0,0.40834328532218933,43.0,128.0,0.5091615915298462,121.0,135.0,0.3554559648036957,64.0,136.0,0.32783254981040955,137.0,170.0,0.5376763343811035,40.0,170.0,0.4230107367038727,137.0,225.0,0.6023444533348083,25.0,216.0,0.5732481479644775,105.0,35.0,0.5036449432373047,107.0,30.0,0.26348844170570374,103.0,31.0,0.5505821108818054,72.0,28.0,0.3531188666820526,99.0,33.0,0.6361175179481506,58.0,46.0,0.5484161376953125,115.0,59.0,0.6105830073356628,44.0,32.0,0.3730303645133972,178.0,68.0,0.7312335968017578,73.0,7.0,0.32646721601486206,160.0,38.0,0.690493106842041,83.0,117.0,0.4882754683494568,123.0,123.0,0.46202853322029114,68.0,162.0,0.6915879845619202,112.0,174.0,0.6447630524635315,27.0,201.0,0.6991454362869263,103.0,227.0,0.7200853824615479
35,667,304,725,393,826,385,976,597,108.0,34.0,0.573464572429657,114.0,24.0,0.5420706272125244,98.0,24.0,0.5274327993392944,129.0,27.0,0.5778107047080994,87.0,29.0,0.6275216341018677,146.0,58.0,0.561713695526123,63.0,61.0,0.5953484177589417,177.0,88.0,0.4664387106895447,39.0,95.0,0.5696412324905396,180.0,118.0,0.49057623744010925,47.0,125.0,0.5195998549461365,118.0,130.0,0.39145922660827637,68.0,132.0,0.34938013553619385,135.0,169.0,0.5619062781333923,46.0,166.0,0.45958954095840454,136.0,223.0,0.6203187108039856,27.0,212.0,0.5777040719985962,101.0,37.0,0.5727661848068237,102.0,34.0,0.34605351090431213,98.0,34.0,0.6011170744895935,64.0,32.0,0.3621741533279419,94.0,36.0,0.6824605464935303,55.0,52.0,0.5888019800186157,113.0,59.0,0.6308928728103638,43.0,28.0,0.6253284811973572,181.0,63.0,0.6342982053756714,66.0,7.0,0.4912301301956177,152.0,38.0,0.6759392023086548,79.0,120.0,0.5243956446647644,119.0,123.0,0.48342299461364746,65.0,162.0,0.7141205668449402,108.0,174.0,0.6694110035896301,27.0,203.0,0.7169157266616821,95.0,227.0,0.7233410477638245
36,664,305,726,394,831,379,988,601,110.0,32.0,0.5929641127586365,118.0,22.0,0.5223637223243713,101.0,22.0,0.5216544270515442,130.0,26.0,0.618318498134613,91.0,27.0,0.6663821935653687,145.0,56.0,0.5601559281349182,67.0,58.0,0.6081945300102234,177.0,84.0,0.4709489941596985,42.0,90.0,0.5994285345077515,179.0,116.0,0.4575571119785309,48.0,118.0,0.5573334693908691,117.0,124.0,0.3852164149284363,68.0,124.0,0.39642253518104553,139.0,167.0,0.6125907897949219,44.0,166.0,0.4768139719963074,137.0,221.0,0.6314071416854858,27.0,208.0,0.5725597143173218,93.0,42.0,0.4281052052974701,91.0,42.0,0.23490048944950104,91.0,39.0,0.5151641368865967,51.0,36.0,0.3706754744052887,87.0,41.0,0.6297304034233093,43.0,54.0,0.6270931363105774,105.0,63.0,0.5254008769989014,42.0,32.0,0.45929402112960815,139.0,61.0,0.5959464311599731,58.0,11.0,0.38429316878318787,163.0,59.0,0.36421340703964233,75.0,120.0,0.5325419902801514,115.0,123.0,0.4965161681175232,61.0,162.0,0.7270863056182861,103.0,173.0,0.6714549660682678,24.0,202.0,0.7352506518363953,88.0,224.0,0.7345048785209656
37,659,305,726,394,834,376,993,603,117.0,35.0,0.6002974510192871,122.0,24.0,0.5273998975753784,106.0,24.0,0.5457234978675842,134.0,28.0,0.6296334862709045,95.0,29.0,0.6807312369346619,147.0,57.0,0.5816447138786316,72.0,60.0,0.6041896939277649,178.0,83.0,0.4839777648448944,51.0,87.0,0.6379821300506592,182.0,113.0,0.4789624512195587,56.0,114.0,0.5975176095962524,121.0,124.0,0.43075031042099,75.0,123.0,0.43550699949264526,151.0,171.0,0.6334489583969116,45.0,168.0,0.5713924169540405,145.0,221.0,0.6237393617630005,28.0,212.0,0.5873762369155884,90.0,48.0,0.2955608665943146,87.0,46.0,0.20373503863811493,87.0,47.0,0.3625542223453522,48.0,40.0,0.3922188878059387,84.0,46.0,0.5631293058395386,43.0,60.0,0.5767994523048401,110.0,64.0,0.3729242980480194,51.0,35.0,0.16541902720928192,137.0,63.0,0.38364455103874207,63.0,14.0,0.210394948720932,145.0,53.0,0.3020775318145752,72.0,122.0,0.4571867287158966,113.0,125.0,0.4868972897529602,60.0,166.0,0.7146341800689697,103.0,176.0,0.6582992076873779,25.0,205.0,0.7162187099456787,91.0,227.0,0.7040501236915588
38,655,306,727,393,834,372,992,608,117.0,31.0,0.6452882885932922,125.0,22.0,0.5817946791648865,109.0,22.0,0.5912390947341919,133.0,27.0,0.6600831151008606,97.0,27.0,0.7077113389968872,149.0,56.0,0.6359970569610596,76.0,58.0,0.6356815099716187,175.0,84.0,0.501047670841217,54.0,88.0,0.6261736154556274,179.0,116.0,0.5319949388504028,60.0,116.0,0.626825213432312,123.0,124.0,0.4518566429615021,77.0,123.0,0.4518323838710785,155.0,169.0,0.6573894023895264,51.0,168.0,0.5546851754188538,151.0,221.0,0.6227216124534607,25.0,210.0,0.5165136456489563,99.0,55.0,0.6919268369674683,99.0,50.0,0.4949469268321991,95.0,50.0,0.7047726511955261,56.0,48.0,0.3912562131881714,92.0,52.0,0.5776638984680176,49.0,66.0,0.5735800862312317,120.0,66.0,0.48140814900398254,53.0,44.0,0.28044643998146057,141.0,59.0,0.6273916959762573,72.0,18.0,0.41121333837509155,167.0,43.0,0.6724112629890442,79.0,125.0,0.546236515045166,119.0,127.0,0.5128344297409058,63.0,168.0,0.7374176383018494,111.0,176.0,0.6691396236419678,28.0,206.0,0.7358222007751465,100.0,226.0,0.7474591732025146
39,651,307,725,393,835,372,1001,615,125.0,33.0,0.6547428369522095,131.0,24.0,0.5961813926696777,116.0,26.0,0.6016843318939209,141.0,29.0,0.6776884198188782,104.0,29.0,0.7096354365348816,153.0,58.0,0.5997713208198547,83.0,60.0,0.6318066716194153,181.0,86.0,0.4571848511695862,60.0,90.0,0.6172384023666382,183.0,115.0,0.4848935306072235,67.0,116.0,0.5730441212654114,127.0,125.0,0.4554845094680786,84.0,124.0,0.4309021532535553,164.0,170.0,0.6221286654472351,56.0,167.0,0.531602144241333,164.0,219.0,0.5732536315917969,23.0,216.0,0.4160449504852295,101.0,51.0,0.7818540334701538,99.0,50.0,0.5444926023483276,97.0,48.0,0.7441233992576599,60.0,52.0,0.33571600914001465,96.0,52.0,0.6203239560127258,57.0,68.0,0.5375343561172485,120.0,67.0,0.5309724807739258,55.0,48.0,0.2994644045829773,148.0,52.0,0.4216732680797577,76.0,24.0,0.4828813076019287,172.0,30.0,0.46716392040252686,75.0,128.0,0.5573826432228088,112.0,128.0,0.5336716175079346,61.0,168.0,0.7256784439086914,111.0,176.0,0.6729736924171448,28.0,204.0,0.7259807586669922,103.0,224.0,0.7637777924537659
40,644,307,726,394,840,360,1008,621,127.0,39.0,0.6881890296936035,134.0,32.0,0.610393226146698,120.0,32.0,0.6178073287010193,142.0,34.0,0.6806285381317139,109.0,33.0,0.7643098831176758,154.0,62.0,0.6578299403190613,88.0,64.0,0.6646614670753479,178.0,88.0,0.502016544342041,67.0,92.0,0.6773995757102966,179.0,115.0,0.47596707940101624,75.0,117.0,0.5696098804473877,130.0,128.0,0.5191652774810791,89.0,126.0,0.47375282645225525,167.0,171.0,0.6186910271644592,60.0,168.0,0.5690735578536987,171.0,217.0,0.6207123398780823,29.0,217.0,0.5952795147895813,100.0,64.0,0.7213011980056763,99.0,62.0,0.5334957838058472,96.0,64.0,0.7490160465240479,60.0,64.0,0.3392522931098938,94.0,66.0,0.6027339696884155,57.0,80.0,0.5532181262969971,120.0,78.0,0.5689682364463806,61.0,60.0,0.3371918499469757,161.0,55.0,0.6850711107254028,78.0,40.0,0.5771680474281311,175.0,21.0,0.7144472599029541,70.0,136.0,0.6057663559913635,108.0,136.0,0.5729053020477295,59.0,173.0,0.7310521006584167,112.0,180.0,0.6881126165390015,24.0,207.0,0.7488888502120972,107.0,227.0,0.7715148329734802
