frame,abb_xmin,abb_ymin,abb_xmax,abb_ymax,bbb_xmin,bbb_ymin,bbb_xmax,bbb_ymax,a_nose_x,a_nose_y,a_nose_confidence,a_left_eye_x,a_left_eye_y,a_left_eye_confidence,a_right_eye_x,a_right_eye_y,a_right_eye_confidence,a_left_ear_x,a_left_ear_y,a_left_ear_confidence,a_right_ear_x,a_right_ear_y,a_right_ear_confidence,a_left_shoulder_x,a_left_shoulder_y,a_left_shoulder_confidence,a_right_shoulder_x,a_right_shoulder_y,a_right_shoulder_confidence,a_left_elbow_x,a_left_elbow_y,a_left_elbow_confidence,a_right_elbow_x,a_right_elbow_y,a_right_elbow_confidence,a_left_wrist_x,a_left_wrist_y,a_left_wrist_confidence,a_right_wrist_x,a_right_wrist_y,a_right_wrist_confidence,a_left_hip_x,a_left_hip_y,a_left_hip_confidence,a_right_hip_x,a_right_hip_y,a_right_hip_confidence,a_left_knee_x,a_left_knee_y,a_left_knee_confidence,a_right_knee_x,a_right_knee_y,a_right_knee_confidence,a_left_ankle_x,a_left_ankle_y,a_left_ankle_confidence,a_right_ankle_x,a_right_ankle_y,a_right_ankle_confidence,b_nose_x,b_nose_y,b_nose_confidence,b_left_eye_x,b_left_eye_y,b_left_eye_confidence,b_right_eye_x,b_right_eye_y,b_right_eye_confidence,b_left_ear_x,b_left_ear_y,b_left_ear_confidence,b_right_ear_x,b_right_ear_y,b_right_ear_confidence,b_left_shoulder_x,b_left_shoulder_y,b_left_shoulder_confidence,b_right_shoulder_x,b_right_shoulder_y,b_right_shoulder_confidence,b_left_elbow_x,b_left_elbow_y,b_left_elbow_confidence,b_right_elbow_x,b_right_elbow_y,b_right_elbow_confidence,b_left_wrist_x,b_left_wrist_y,b_left_wrist_confidence,b_right_wrist_x,b_right_wrist_y,b_right_wrist_confidence,b_left_hip_x,b_left_hip_y,b_left_hip_confidence,b_right_hip_x,b_right_hip_y,b_right_hip_confidence,b_left_knee_x,b_left_knee_y,b_left_knee_confidence,b_right_knee_x,b_right_knee_y,b_right_knee_confidence,b_left_ankle_x,b_left_ankle_y,b_left_ankle_confidence,b_right_ankle_x,b_right_ankle_y,b_right_ankle_confidence
0,686,323,734,405,638,370,757,546,125.0,65.0,0.27285900712013245,140.0,56.0,0.37603241205215454,117.0,54.0,0.41926994919776917,156.0,60.0,0.22010864317417145,95.0,41.0,0.38604113459587097,154.0,122.0,0.09479610621929169,64.0,70.0,0.11555428802967072,144.0,182.0,0.09846686571836472,65.0,80.0,0.4434698820114136,160.0,236.0,0.07743830978870392,138.0,117.0,0.3303857445716858,90.0,248.0,0.03398521989583969,16.0,233.0,0.0366932637989521,145.0,187.0,0.12096680700778961,22.0,156.0,0.043733883649110794,156.0,248.0,0.16157977283000946,9.0,254.0,0.07096758484840393,65.0,30.0,0.26071467995643616,65.0,29.0,0.3392747640609741,111.0,25.0,0.15799559652805328,70.0,32.0,0.7021156549453735,102.0,30.0,0.6569993495941162,47.0,58.0,0.6148043870925903,127.0,59.0,0.6545214056968689,11.0,91.0,0.7882112860679626,156.0,92.0,0.6865559220314026,27.0,94.0,0.5384496450424194,167.0,121.0,0.7320834994316101,73.0,126.0,0.4273119568824768,125.0,121.0,0.45175135135650635,62.0,182.0,0.7033169269561768,114.0,157.0,0.703654408454895,109.0,227.0,0.6669111847877502,119.0,199.0,0.784480094909668
1,688,323,744,407,637,370,753,546,101.0,61.0,0.27410611510276794,115.0,50.0,0.3905738294124603,97.0,51.0,0.461122065782547,134.0,48.0,0.2714335024356842,78.0,40.0,0.4094429314136505,106.0,88.0,0.15889358520507812,50.0,68.0,0.3166801333427429,124.0,170.0,0.12224418669939041,57.0,80.0,0.44104889035224915,155.0,120.0,0.11597657203674316,118.0,115.0,0.3303411900997162,79.0,156.0,0.04542678967118263,26.0,160.0,0.059350211173295975,125.0,158.0,0.17718566954135895,122.0,172.0,0.1247025802731514,129.0,237.0,0.34845688939094543,128.0,236.0,0.24850250780582428,65.0,26.0,0.20908768475055695,65.0,25.0,0.19974511861801147,115.0,25.0,0.18883004784584045,72.0,31.0,0.6210004091262817,106.0,32.0,0.654899001121521,48.0,62.0,0.6107491254806519,131.0,61.0,0.6516457796096802,13.0,95.0,0.8002105951309204,161.0,92.0,0.6740525364875793,29.0,96.0,0.5022658109664917,171.0,121.0,0.7468119859695435,79.0,125.0,0.42585939168930054,129.0,121.0,0.4378301799297333,55.0,181.0,0.7105072140693665,118.0,157.0,0.6728242039680481,105.0,225.0,0.6933183670043945,127.0,199.0,0.7707663178443909
2,688,322,735,408,639,373,750,545,121.0,69.0,0.2813136577606201,136.0,56.0,0.3749173581600189,113.0,54.0,0.4534633457660675,156.0,60.0,0.22133703529834747,90.0,48.0,0.35460296273231506,158.0,126.0,0.10069483518600464,58.0,70.0,0.14333468675613403,148.0,178.0,0.09115421772003174,63.0,80.0,0.2865704894065857,152.0,232.0,0.07547762244939804,142.0,121.0,0.2780321538448334,111.0,132.0,0.027123136445879936,36.0,159.0,0.04129992052912712,148.0,176.0,0.1076265275478363,30.0,144.0,0.06712223589420319,153.0,237.0,0.2417500615119934,156.0,232.0,0.1105666309595108,65.0,26.0,0.1903466433286667,65.0,25.0,0.18825604021549225,115.0,24.0,0.1877748668193817,70.0,31.0,0.640018105506897,106.0,30.0,0.6557589769363403,46.0,62.0,0.607507050037384,132.0,61.0,0.6332340240478516,12.0,96.0,0.7629359364509583,164.0,95.0,0.6593448519706726,21.0,101.0,0.5020274519920349,175.0,123.0,0.7354941368103027,80.0,126.0,0.4366547167301178,133.0,123.0,0.40528684854507446,45.0,181.0,0.7000669240951538,121.0,157.0,0.6550840735435486,96.0,226.0,0.6963577270507812,131.0,200.0,0.7508437633514404
3,688,321,736,411,639,377,747,547,117.0,65.0,0.23515357077121735,132.0,56.0,0.35679861903190613,108.0,53.0,0.4225057363510132,151.0,54.0,0.24299301207065582,88.0,43.0,0.35717883706092834,120.0,87.0,0.10459768772125244,54.0,70.0,0.26388272643089294,161.0,130.0,0.08330344408750534,71.0,95.0,0.2677488625049591,96.0,192.0,0.09757156670093536,147.0,123.0,0.29216787219047546,94.0,148.0,0.07213591039180756,34.0,156.0,0.08363610506057739,152.0,144.0,0.2225172519683838,150.0,152.0,0.13021345436573029,148.0,228.0,0.3336803913116455,148.0,228.0,0.30118685960769653,65.0,26.0,0.23617002367973328,65.0,25.0,0.25643056631088257,119.0,20.0,0.11568990349769592,70.0,32.0,0.654656171798706,106.0,32.0,0.6853207349777222,47.0,62.0,0.6077021956443787,133.0,60.0,0.6409873366355896,12.0,99.0,0.7584537863731384,168.0,95.0,0.6651009321212769,21.0,103.0,0.46830376982688904,179.0,123.0,0.7007970809936523,83.0,129.0,0.4219087064266205,137.0,125.0,0.37576058506965637,42.0,182.0,0.7252358794212341,126.0,157.0,0.6087294220924377,85.0,229.0,0.6865681409835815,136.0,196.0,0.7216750979423523
4,689,321,738,414,640,382,745,548,113.0,61.0,0.28641411662101746,124.0,48.0,0.3889462947845459,101.0,48.0,0.5317274928092957,138.0,52.0,0.2901480495929718,80.0,41.0,0.36510059237480164,122.0,71.0,0.12475398927927017,49.0,67.0,0.31683170795440674,99.0,100.0,0.06791505962610245,63.0,96.0,0.46048441529273987,139.0,119.0,0.08874006569385529,127.0,119.0,0.37474489212036133,87.0,124.0,0.08128499239683151,37.0,133.0,0.0875384584069252,143.0,141.0,0.23223736882209778,142.0,148.0,0.1985844075679779,144.0,220.0,0.3743918836116791,141.0,221.0,0.3396196961402893,65.0,26.0,0.2553151249885559,65.0,25.0,0.2691607177257538,66.0,19.0,0.12034118920564651,69.0,29.0,0.6393525004386902,108.0,30.0,0.6528303623199463,46.0,62.0,0.5979750156402588,135.0,59.0,0.6381553411483765,12.0,100.0,0.7495880722999573,168.0,95.0,0.6544569134712219,21.0,105.0,0.4735661745071411,179.0,123.0,0.6587903499603271,84.0,126.0,0.39958855509757996,141.0,123.0,0.37917792797088623,40.0,182.0,0.7265098094940186,129.0,153.0,0.6362554430961609,85.0,231.0,0.6652821898460388,137.0,194.0,0.7343356013298035
5,688,321,740,414,640,387,743,548,100.0,48.0,0.22494569420814514,115.0,46.0,0.3823353946208954,97.0,45.0,0.45891398191452026,130.0,44.0,0.28356072306632996,76.0,34.0,0.36725878715515137,112.0,67.0,0.18571309745311737,47.0,64.0,0.486338347196579,95.0,100.0,0.1227760836482048,55.0,96.0,0.6403282880783081,134.0,120.0,0.1205163523554802,118.0,121.0,0.4091101288795471,74.0,124.0,0.1283145695924759,37.0,125.0,0.18302910029888153,138.0,134.0,0.19210176169872284,138.0,145.0,0.2633148431777954,136.0,220.0,0.33484041690826416,137.0,221.0,0.4568931460380554,65.0,26.0,0.274906188249588,65.0,25.0,0.2752007842063904,66.0,19.0,0.10447533428668976,69.0,31.0,0.6396547555923462,108.0,30.0,0.6565508246421814,47.0,65.0,0.5919495224952698,135.0,61.0,0.5911914110183716,15.0,103.0,0.7131659984588623,171.0,96.0,0.6833012700080872,19.0,111.0,0.4198526442050934,179.0,123.0,0.7227268218994141,86.0,128.0,0.3954574167728424,141.0,125.0,0.372241735458374,40.0,184.0,0.7222089767456055,135.0,155.0,0.6151155829429626,86.0,232.0,0.6516848802566528,137.0,192.0,0.7150123715400696
6,688,319,740,415,643,392,740,547,101.0,57.0,0.2314944714307785,107.0,46.0,0.3857954740524292,89.0,48.0,0.44674286246299744,123.0,45.0,0.3064083456993103,68.0,37.0,0.3402408957481384,116.0,67.0,0.19547264277935028,45.0,65.0,0.46789130568504333,139.0,135.0,0.08379986137151718,45.0,100.0,0.6422053575515747,56.0,196.0,0.1345127522945404,114.0,126.0,0.38648721575737,82.0,126.0,0.09705144912004471,41.0,126.0,0.1763240396976471,105.0,179.0,0.15125440061092377,134.0,159.0,0.23412169516086578,136.0,220.0,0.21763011813163757,139.0,221.0,0.4785354733467102,61.0,26.0,0.3850884735584259,65.0,25.0,0.36582544445991516,63.0,21.0,0.19677139818668365,69.0,29.0,0.6022640466690063,107.0,29.0,0.6231650710105896,47.0,65.0,0.580358624458313,135.0,61.0,0.571401834487915,17.0,105.0,0.570401668548584,175.0,99.0,0.6329658627510071,13.0,123.0,0.5997270345687866,181.0,125.0,0.6942265033721924,87.0,129.0,0.3910486102104187,141.0,125.0,0.36063072085380554,31.0,187.0,0.6891910433769226,137.0,154.0,0.5717419385910034,84.0,228.0,0.6369869709014893,139.0,191.0,0.7245709300041199
7,686,319,740,414,643,394,738,545,97.0,57.0,0.2934567928314209,107.0,46.0,0.4239415228366852,85.0,47.0,0.545939564704895,122.0,44.0,0.3608386218547821,67.0,39.0,0.37417206168174744,121.0,71.0,0.14962024986743927,43.0,61.0,0.45550885796546936,131.0,136.0,0.131169393658638,37.0,103.0,0.6034566164016724,51.0,108.0,0.11873674392700195,102.0,129.0,0.39873597025871277,111.0,124.0,0.09003989398479462,45.0,126.0,0.16394315659999847,129.0,169.0,0.18864032626152039,126.0,168.0,0.1988653540611267,140.0,224.0,0.32051244378089905,140.0,223.0,0.2970702350139618,65.0,30.0,0.21800237894058228,69.0,29.0,0.1744024008512497,111.0,20.0,0.15927307307720184,73.0,33.0,0.5708242654800415,110.0,32.0,0.6512104868888855,51.0,68.0,0.5744208097457886,141.0,64.0,0.5760393738746643,23.0,111.0,0.6574034690856934,177.0,103.0,0.621418297290802,15.0,136.0,0.6166641116142273,181.0,129.0,0.6196666359901428,88.0,134.0,0.3824549615383148,145.0,129.0,0.3822173476219177,19.0,191.0,0.6336145401000977,138.0,155.0,0.30302301049232483,78.0,224.0,0.6502076387405396,139.0,192.0,0.7136264443397522
8,684,317,740,414,640,396,736,542,97.0,57.0,0.2695716917514801,103.0,46.0,0.3864276707172394,83.0,48.0,0.5009967684745789,118.0,44.0,0.3415709137916565,67.0,39.0,0.38928303122520447,117.0,71.0,0.17733480036258698,43.0,61.0,0.48675772547721863,129.0,106.0,0.07439276576042175,31.0,104.0,0.6679922342300415,140.0,128.0,0.17843250930309296,94.0,133.0,0.41964250802993774,107.0,128.0,0.163235142827034,45.0,130.0,0.2118070125579834,117.0,175.0,0.19766031205654144,116.0,175.0,0.17833811044692993,140.0,224.0,0.328772634267807,140.0,224.0,0.2695499062538147,69.0,30.0,0.21745559573173523,73.0,33.0,0.2244666963815689,115.0,20.0,0.23352035880088806,77.0,35.0,0.5888523459434509,113.0,33.0,0.6379992365837097,52.0,72.0,0.5567560195922852,147.0,65.0,0.5896684527397156,34.0,116.0,0.7078477144241333,179.0,104.0,0.6543677449226379,23.0,145.0,0.6655806303024292,181.0,131.0,0.6061033606529236,95.0,137.0,0.3453846275806427,149.0,129.0,0.3815937042236328,16.0,192.0,0.6752174496650696,146.0,153.0,0.2772281765937805,76.0,223.0,0.660476803779602,144.0,196.0,0.7130122184753418
9,682,316,741,414,634,398,733,538,92.0,46.0,0.2652297616004944,103.0,38.0,0.39881423115730286,81.0,45.0,0.3695775270462036,111.0,38.0,0.36701810359954834,64.0,34.0,0.43583810329437256,101.0,69.0,0.29652976989746094,39.0,61.0,0.5888861417770386,116.0,104.0,0.2773503363132477,25.0,104.0,0.6909968256950378,141.0,128.0,0.3349205553531647,72.0,131.0,0.5411339998245239,93.0,132.0,0.24788227677345276,39.0,131.0,0.3298417925834656,105.0,178.0,0.25870612263679504,84.0,183.0,0.2684299051761627,135.0,223.0,0.32675012946128845,132.0,223.0,0.2794852554798126,77.0,30.0,0.17233853042125702,81.0,33.0,0.22569335997104645,123.0,16.0,0.17054884135723114,84.0,34.0,0.591293215751648,119.0,33.0,0.6236982345581055,60.0,72.0,0.6173389554023743,151.0,66.0,0.6241194009780884,44.0,118.0,0.7305873036384583,181.0,107.0,0.6859616041183472,31.0,152.0,0.6725160479545593,179.0,133.0,0.48415327072143555,100.0,142.0,0.3449762761592865,155.0,134.0,0.36779072880744934,15.0,193.0,0.6787468194961548,152.0,157.0,0.3291414976119995,77.0,229.0,0.6243396997451782,151.0,200.0,0.7244196534156799
10,680,315,739,412,629,398,730,543,91.0,39.0,0.383987694978714,99.0,34.0,0.3789244592189789,84.0,28.0,0.32853981852531433,110.0,36.0,0.4167436957359314,66.0,30.0,0.47892236709594727,102.0,66.0,0.4510432481765747,39.0,61.0,0.5990250110626221,119.0,103.0,0.5114266872406006,19.0,105.0,0.7158761620521545,143.0,126.0,0.526545524597168,59.0,135.0,0.6317224502563477,89.0,136.0,0.38807782530784607,37.0,137.0,0.3449662923812866,105.0,185.0,0.33578982949256897,92.0,182.0,0.37400272488594055,45.0,213.0,0.4096662402153015,128.0,227.0,0.5128508806228638,81.0,30.0,0.1701849400997162,84.0,32.0,0.21093708276748657,127.0,16.0,0.13965007662773132,87.0,33.0,0.6042552590370178,121.0,33.0,0.5973090529441833,63.0,70.0,0.6395989060401917,151.0,63.0,0.5947816967964172,52.0,114.0,0.7345567941665649,181.0,103.0,0.7138781547546387,31.0,149.0,0.6014674305915833,152.0,113.0,0.14945484697818756,104.0,134.0,0.35488367080688477,157.0,130.0,0.41084229946136475,16.0,184.0,0.6847497224807739,156.0,153.0,0.35027870535850525,75.0,223.0,0.6183168888092041,159.0,194.0,0.7223096489906311
11,678,314,732,411,625,397,726,541,102.0,54.0,0.32776591181755066,111.0,42.0,0.4669323265552521,89.0,46.0,0.48621034622192383,124.0,44.0,0.3830808699131012,72.0,36.0,0.4402352273464203,118.0,68.0,0.34116050601005554,43.0,65.0,0.4647647440433502,133.0,101.0,0.4215277135372162,18.0,105.0,0.6291149854660034,159.0,126.0,0.5521173477172852,47.0,137.0,0.6138592958450317,101.0,136.0,0.31883785128593445,53.0,136.0,0.19361962378025055,109.0,186.0,0.24274054169654846,96.0,186.0,0.3317519426345825,137.0,225.0,0.26521942019462585,136.0,227.0,0.34908249974250793,85.0,34.0,0.18850749731063843,86.0,34.0,0.2656559348106384,86.0,35.0,0.09036701917648315,90.0,36.0,0.6302282810211182,122.0,36.0,0.6202651858329773,64.0,72.0,0.612596333026886,151.0,65.0,0.5999049544334412,59.0,114.0,0.7558543086051941,181.0,100.0,0.772075891494751,31.0,145.0,0.7113081216812134,150.0,106.0,0.18167303502559662,107.0,141.0,0.35375550389289856,161.0,133.0,0.4233194887638092,16.0,184.0,0.6774178743362427,158.0,153.0,0.343747079372406,77.0,223.0,0.6215920448303223,165.0,196.0,0.7041412591934204
12,676,313,730,410,621,397,723,538,96.0,46.0,0.3244468569755554,107.0,42.0,0.42871999740600586,87.0,44.0,0.41441968083381653,122.0,36.0,0.44615501165390015,68.0,34.0,0.5185853838920593,123.0,65.0,0.4290897846221924,39.0,65.0,0.4893205165863037,141.0,101.0,0.45204752683639526,17.0,107.0,0.6084305644035339,163.0,128.0,0.5718675255775452,37.0,143.0,0.5724019408226013,103.0,136.0,0.39843884110450745,64.0,141.0,0.3401235044002533,117.0,187.0,0.21631868183612823,96.0,184.0,0.23105929791927338,58.0,217.0,0.24963170289993286,124.0,225.0,0.36044615507125854,85.0,30.0,0.19939729571342468,88.0,32.0,0.2922143340110779,86.0,31.0,0.11373927444219589,88.0,34.0,0.6197742223739624,120.0,34.0,0.5771021842956543,66.0,72.0,0.6291253566741943,147.0,61.0,0.588609516620636,61.0,114.0,0.7781900763511658,177.0,99.0,0.7449154257774353,27.0,143.0,0.7497571706771851,146.0,102.0,0.18904463946819305,110.0,142.0,0.36385858058929443,163.0,137.0,0.429058700799942,19.0,183.0,0.6629729866981506,158.0,159.0,0.36981311440467834,76.0,228.0,0.6334291100502014,171.0,201.0,0.6826830506324768
13,672,312,727,409,618,395,722,538,102.0,40.0,0.40290161967277527,110.0,30.0,0.3791906535625458,92.0,28.0,0.3106074333190918,122.0,32.0,0.4842308461666107,76.0,30.0,0.5783236026763916,129.0,64.0,0.5194877982139587,49.0,62.0,0.41273239254951477,149.0,99.0,0.46042555570602417,23.0,97.0,0.47252020239830017,169.0,128.0,0.597052276134491,26.0,141.0,0.5643590092658997,107.0,137.0,0.41373300552368164,65.0,141.0,0.3757389783859253,109.0,183.0,0.21453480422496796,85.0,188.0,0.2648264467716217,70.0,217.0,0.3715451955795288,115.0,225.0,0.4387578070163727,81.0,30.0,0.18111374974250793,81.0,29.0,0.20408986508846283,82.0,27.0,0.07247473299503326,84.0,34.0,0.6338443756103516,114.0,34.0,0.5133286714553833,63.0,72.0,0.6441885232925415,141.0,60.0,0.6130751371383667,60.0,116.0,0.8111869096755981,171.0,95.0,0.7839552164077759,23.0,141.0,0.7524409294128418,138.0,98.0,0.22961440682411194,108.0,142.0,0.3893561363220215,161.0,137.0,0.46280255913734436,19.0,181.0,0.6674807071685791,152.0,161.0,0.48718157410621643,77.0,229.0,0.6282151937484741,171.0,204.0,0.7048959136009216
14,669,310,724,408,614,393,721,538,102.0,48.0,0.3566620647907257,111.0,44.0,0.4021509885787964,91.0,47.0,0.41072216629981995,126.0,36.0,0.44972434639930725,76.0,36.0,0.5453432202339172,134.0,66.0,0.5032007098197937,45.0,67.0,0.43380486965179443,155.0,101.0,0.41894304752349854,27.0,99.0,0.41088080406188965,171.0,131.0,0.5833459496498108,18.0,140.0,0.5326654314994812,109.0,142.0,0.3164282441139221,64.0,144.0,0.25888437032699585,103.0,187.0,0.14101150631904602,88.0,180.0,0.1463630199432373,105.0,229.0,0.23151393234729767,100.0,229.0,0.1894199103116989,77.0,30.0,0.4406175911426544,77.0,26.0,0.5727468132972717,79.0,27.0,0.2913364768028259,81.0,32.0,0.6960093379020691,110.0,34.0,0.49562737345695496,60.0,72.0,0.6343105435371399,133.0,60.0,0.6035683751106262,59.0,115.0,0.7994308471679688,159.0,93.0,0.6844356656074524,22.0,141.0,0.7514995336532593,126.0,98.0,0.15341494977474213,107.0,141.0,0.417371541261673,155.0,135.0,0.4441762864589691,23.0,183.0,0.6804898977279663,149.0,169.0,0.5118127465248108,84.0,231.0,0.6467652320861816,169.0,206.0,0.703005313873291
15,662,310,722,408,608,391,716,538,110.0,36.0,0.4564175605773926,118.0,26.0,0.4496868848800659,102.0,24.0,0.4166320860385895,130.0,32.0,0.5891597270965576,84.0,31.0,0.6081901788711548,137.0,64.0,0.5566878914833069,58.0,64.0,0.4847741425037384,157.0,100.0,0.5241447687149048,41.0,103.0,0.5433797836303711,175.0,132.0,0.6179803609848022,21.0,137.0,0.5312818884849548,117.0,137.0,0.409599632024765,75.0,137.0,0.34277766942977905,129.0,178.0,0.30647769570350647,98.0,176.0,0.4050779640674591,109.0,229.0,0.337723046541214,90.0,227.0,0.3859005570411682,72.0,28.0,0.7208186388015747,77.0,25.0,0.7257600426673889,75.0,25.0,0.5165373682975769,80.0,32.0,0.6737739443778992,110.0,34.0,0.4147537052631378,63.0,73.0,0.6317752003669739,131.0,61.0,0.5882840752601624,61.0,117.0,0.7857860326766968,145.0,95.0,0.2679259479045868,24.0,142.0,0.7495622634887695,112.0,114.0,0.09327415376901627,109.0,146.0,0.3868250548839569,157.0,137.0,0.44587191939353943,31.0,186.0,0.6889943480491638,152.0,176.0,0.4954472482204437,95.0,231.0,0.6209525465965271,171.0,207.0,0.6260830163955688
16,657,309,719,405,606,388,712,539,113.0,39.0,0.46550512313842773,122.0,30.0,0.4341599643230438,104.0,28.0,0.413059264421463,134.0,34.0,0.572007417678833,91.0,33.0,0.6179282665252686,142.0,66.0,0.5583974719047546,60.0,68.0,0.5262585878372192,160.0,104.0,0.5021366477012634,45.0,106.0,0.5219991207122803,176.0,136.0,0.5737507939338684,21.0,141.0,0.49137866497039795,121.0,144.0,0.34115317463874817,82.0,144.0,0.3182730972766876,124.0,196.0,0.18001727759838104,86.0,190.0,0.2024933397769928,118.0,255.0,0.1452672779560089,85.0,236.0,0.16586148738861084,69.0,30.0,0.5476410388946533,74.0,25.0,0.6535168886184692,75.0,25.0,0.5242054462432861,78.0,34.0,0.6727027297019958,104.0,36.0,0.41415801644325256,60.0,76.0,0.6409486532211304,127.0,61.0,0.6092050671577454,57.0,120.0,0.7784918546676636,139.0,99.0,0.24736306071281433,22.0,144.0,0.7514745593070984,113.0,123.0,0.09903585910797119,113.0,147.0,0.4095378518104553,155.0,139.0,0.4636704623699188,37.0,188.0,0.7058419585227966,147.0,174.0,0.4512249827384949,100.0,232.0,0.6379760503768921,167.0,208.0,0.639172375202179
17,655,309,715,405,603,389,707,539,114.0,36.0,0.5107843279838562,124.0,26.0,0.4976629614830017,107.0,24.0,0.49894919991493225,136.0,32.0,0.6011288166046143,92.0,30.0,0.6153666377067566,146.0,66.0,0.531921923160553,59.0,67.0,0.5119646787643433,165.0,103.0,0.47970837354660034,37.0,103.0,0.48824697732925415,179.0,136.0,0.5654436945915222,17.0,139.0,0.45160555839538574,125.0,142.0,0.3182922303676605,80.0,144.0,0.31959453225135803,128.0,192.0,0.2331722378730774,76.0,189.0,0.29108792543411255,118.0,234.0,0.2415175437927246,71.0,232.0,0.26174598932266235,62.0,21.0,0.5682404041290283,69.0,18.0,0.6637004017829895,69.0,17.0,0.519083559513092,76.0,30.0,0.7021998167037964,96.0,31.0,0.3394215404987335,63.0,76.0,0.6573870778083801,119.0,58.0,0.5198127627372742,61.0,120.0,0.7540850639343262,132.0,95.0,0.2041066288948059,22.0,145.0,0.7395671010017395,113.0,123.0,0.0952923446893692,121.0,145.0,0.3876960277557373,161.0,133.0,0.4286801815032959,47.0,189.0,0.6755532026290894,132.0,172.0,0.4162145256996155,108.0,231.0,0.6445534825325012,163.0,212.0,0.6349583864212036
18,652,308,711,406,601,388,700,539,119.0,35.0,0.4895729720592499,127.0,26.0,0.4635012745857239,111.0,24.0,0.49860861897468567,140.0,32.0,0.5549935698509216,95.0,31.0,0.6366261839866638,151.0,65.0,0.5353638529777527,59.0,65.0,0.5276952981948853,173.0,100.0,0.4881231188774109,37.0,101.0,0.4905335307121277,183.0,132.0,0.5312386751174927,17.0,137.0,0.4430442154407501,129.0,134.0,0.3916712999343872,77.0,136.0,0.37222835421562195,141.0,185.0,0.3143502473831177,75.0,183.0,0.3879890441894531,125.0,229.0,0.5149813294410706,56.0,224.0,0.4718117415904999,62.0,22.0,0.46890830993652344,69.0,18.0,0.5937603116035461,69.0,19.0,0.5166551470756531,74.0,33.0,0.6417728066444397,94.0,34.0,0.3150961399078369,66.0,78.0,0.6417022347450256,115.0,58.0,0.48676401376724243,65.0,122.0,0.7051832675933838,122.0,96.0,0.1617802530527115,23.0,149.0,0.7295029759407043,109.0,115.0,0.06752308458089828,133.0,145.0,0.3601922392845154,169.0,133.0,0.3967607319355011,55.0,192.0,0.6928516030311584,114.0,172.0,0.4015389382839203,115.0,233.0,0.6342106461524963,156.0,214.0,0.6161668300628662
19,650,308,709,406,598,390,696,539,117.0,35.0,0.5653173923492432,126.0,26.0,0.5394121408462524,107.0,24.0,0.539498507976532,138.0,32.0,0.5874204635620117,91.0,31.0,0.6769251227378845,151.0,65.0,0.5430498123168945,55.0,65.0,0.5151351690292358,173.0,100.0,0.5239517092704773,31.0,101.0,0.4999004304409027,181.0,132.0,0.6046072244644165,11.0,137.0,0.44955015182495117,127.0,132.0,0.42894235253334045,72.0,136.0,0.42020711302757263,146.0,185.0,0.4068501591682434,65.0,181.0,0.43382254242897034,129.0,229.0,0.5913045406341553,39.0,221.0,0.4686710834503174,61.0,23.0,0.4762684404850006,65.0,16.0,0.6518107056617737,67.0,17.0,0.5605282783508301,74.0,30.0,0.6891936659812927,90.0,34.0,0.3140515685081482,70.0,76.0,0.5846729278564453,107.0,57.0,0.44313302636146545,75.0,122.0,0.6620278358459473,112.0,99.0,0.14830787479877472,28.0,151.0,0.6868362426757812,53.0,131.0,0.06325379759073257,137.0,141.0,0.3006889820098877,171.0,133.0,0.3393436074256897,63.0,195.0,0.6911881566047668,106.0,170.0,0.3274749219417572,118.0,232.0,0.6119019985198975,143.0,216.0,0.590348482131958
20,645,308,707,407,598,391,692,541,117.0,32.0,0.6079832315444946,125.0,26.0,0.5943145155906677,107.0,24.0,0.6034405827522278,136.0,32.0,0.6430054306983948,92.0,30.0,0.6925374865531921,150.0,62.0,0.5429196953773499,59.0,65.0,0.5270642638206482,171.0,99.0,0.5572584271430969,35.0,97.0,0.5522909760475159,179.0,132.0,0.6517899036407471,19.0,129.0,0.5259894728660583,127.0,132.0,0.4600774645805359,73.0,133.0,0.4542587995529175,149.0,176.0,0.4216196835041046,63.0,177.0,0.4213925898075104,138.0,227.0,0.6058144569396973,27.0,216.0,0.48177096247673035,52.0,21.0,0.5792465806007385,58.0,18.0,0.7666640877723694,59.0,17.0,0.5753611922264099,72.0,33.0,0.6642258763313293,77.0,36.0,0.34271568059921265,71.0,73.0,0.5518795847892761,96.0,60.0,0.3770248591899872,89.0,124.0,0.7337931990623474,65.0,113.0,0.40999481081962585,34.0,153.0,0.5284212827682495,38.0,128.0,0.4579424262046814,149.0,141.0,0.2884323000907898,169.0,137.0,0.23881594836711884,60.0,196.0,0.5786035060882568,86.0,168.0,0.22311876714229584,121.0,228.0,0.536100447177887,131.0,220.0,0.4697813391685486
21,640,308,704,407,589,393,689,546,117.0,35.0,0.643976092338562,126.0,26.0,0.6208038926124573,109.0,24.0,0.6177260279655457,138.0,32.0,0.6765708327293396,95.0,31.0,0.7377835512161255,153.0,64.0,0.57194983959198,63.0,65.0,0.5741257667541504,171.0,99.0,0.5820164680480957,39.0,99.0,0.5762141942977905,179.0,132.0,0.6778444647789001,23.0,129.0,0.5392163991928101,131.0,132.0,0.5147532820701599,79.0,135.0,0.48677191138267517,155.0,179.0,0.45082125067710876,57.0,178.0,0.42332372069358826,149.0,225.0,0.6090251803398132,23.0,217.0,0.47025880217552185,58.0,21.0,0.5366947650909424,65.0,18.0,0.7376534342765808,63.0,18.0,0.6125838756561279,80.0,33.0,0.5840352177619934,82.0,35.0,0.30989009141921997,95.0,72.0,0.47413793206214905,70.0,64.0,0.433614581823349,112.0,122.0,0.7579166293144226,73.0,99.0,0.6343744397163391,50.0,153.0,0.6190451979637146,34.0,128.0,0.6862006187438965,157.0,140.0,0.36658212542533875,129.0,133.0,0.21534502506256104,66.0,193.0,0.6228598356246948,77.0,164.0,0.3191542625427246,131.0,223.0,0.5548223853111267,130.0,221.0,0.3526655435562134
22,633,308,704,407,574,395,685,553,117.0,33.0,0.7142782807350159,123.0,26.0,0.6851152181625366,108.0,26.0,0.6986982822418213,134.0,32.0,0.7156618237495422,95.0,31.0,0.7845534086227417,148.0,62.0,0.621873140335083,71.0,63.0,0.6199880242347717,165.0,99.0,0.6492305397987366,48.0,96.0,0.654600977897644,172.0,132.0,0.7019163370132446,33.0,128.0,0.6182118654251099,129.0,132.0,0.5595979690551758,79.0,133.0,0.5387505292892456,155.0,176.0,0.5318235754966736,55.0,181.0,0.49287793040275574,152.0,227.0,0.6530861258506775,25.0,217.0,0.5330535173416138,68.0,21.0,0.7825493812561035,77.0,18.0,0.8856919407844543,75.0,17.0,0.736929178237915,94.0,34.0,0.7935106158256531,93.0,35.0,0.49080124497413635,113.0,72.0,0.5460419654846191,76.0,64.0,0.6471559405326843,136.0,120.0,0.7776736617088318,77.0,96.0,0.6971352100372314,79.0,147.0,0.6581588387489319,40.0,126.0,0.7061687111854553,161.0,133.0,0.4152313768863678,137.0,128.0,0.2996271252632141,84.0,186.0,0.6198775172233582,87.0,168.0,0.27726471424102783,140.0,219.0,0.5587752461433411,146.0,215.0,0.38469958305358887
23,628,308,704,408,566,397,681,560,109.0,33.0,0.7651738524436951,117.0,26.0,0.7105059623718262,103.0,26.0,0.7222910523414612,128.0,33.0,0.759981632232666,92.0,31.0,0.8043491840362549,143.0,64.0,0.6776788830757141,71.0,63.0,0.6603268384933472,159.0,99.0,0.6751360893249512,49.0,96.0,0.6985318660736084,164.0,131.0,0.6999695301055908,34.0,128.0,0.6398286819458008,126.0,130.0,0.5804690718650818,79.0,133.0,0.5659685730934143,151.0,176.0,0.5827242732048035,51.0,177.0,0.5672192573547363,152.0,223.0,0.6756376624107361,23.0,215.0,0.6219848990440369,74.0,23.0,0.8264588713645935,83.0,18.0,0.893038809299469,79.0,17.0,0.7856286764144897,102.0,32.0,0.8374066948890686,101.0,35.0,0.4324166476726532,126.0,70.0,0.5760141015052795,75.0,63.0,0.7395468950271606,155.0,114.0,0.8014118671417236,71.0,95.0,0.7381207346916199,100.0,143.0,0.6924460530281067,34.0,124.0,0.7243362069129944,165.0,129.0,0.41289427876472473,119.0,127.0,0.2998228073120117,95.0,181.0,0.6900303959846497,109.0,174.0,0.2785959243774414,139.0,217.0,0.5465109348297119,156.0,204.0,0.5648645758628845
24,621,308,704,408,561,398,678,568,106.0,34.0,0.7958664298057556,115.0,26.0,0.7648734450340271,100.0,26.0,0.7715867757797241,124.0,32.0,0.7711538672447205,91.0,31.0,0.8345499038696289,140.0,62.0,0.6972928643226624,71.0,61.0,0.7044529318809509,154.0,99.0,0.7057381272315979,54.0,96.0,0.7398355007171631,157.0,133.0,0.7182316780090332,42.0,128.0,0.6649648547172546,124.0,130.0,0.6034286022186279,79.0,131.0,0.5798916816711426,148.0,176.0,0.6190062761306763,53.0,177.0,0.6169636249542236,155.0,225.0,0.6888807415962219,27.0,217.0,0.6494317054748535,77.0,23.0,0.9051245450973511,87.0,20.0,0.881584107875824,81.0,19.0,0.788103461265564,106.0,34.0,0.8375698328018188,104.0,37.0,0.39962783455848694,134.0,68.0,0.6198495030403137,71.0,63.0,0.7320433855056763,168.0,110.0,0.7827776074409485,63.0,93.0,0.7405164837837219,114.0,139.0,0.7249568700790405,30.0,120.0,0.764809250831604,156.0,123.0,0.3741720914840698,112.0,124.0,0.3378780484199524,104.0,172.0,0.6920412182807922,109.0,166.0,0.3021549582481384,132.0,224.0,0.5850663781166077,159.0,192.0,0.6354748606681824
25,620,308,703,411,557,398,672,577,101.0,33.0,0.8082913756370544,107.0,26.0,0.7687901854515076,94.0,26.0,0.7795014381408691,117.0,31.0,0.7732408046722412,85.0,29.0,0.8320485949516296,134.0,62.0,0.6977461576461792,64.0,60.0,0.7254672050476074,147.0,97.0,0.7205501198768616,49.0,95.0,0.7401224970817566,151.0,129.0,0.7455410957336426,37.0,125.0,0.6681671738624573,118.0,128.0,0.6264125108718872,73.0,129.0,0.5955907106399536,142.0,171.0,0.6215161681175232,47.0,171.0,0.613108217716217,155.0,217.0,0.7203769087791443,28.0,212.0,0.682338535785675,81.0,25.0,0.9032807946205139,91.0,22.0,0.9048212766647339,83.0,20.0,0.8331748247146606,113.0,34.0,0.8468769192695618,112.0,37.0,0.3041338622570038,144.0,68.0,0.5873708724975586,68.0,64.0,0.6576680541038513,179.0,105.0,0.759734034538269,57.0,91.0,0.7517502903938293,128.0,137.0,0.7288747429847717,28.0,116.0,0.7580410242080688,159.0,124.0,0.3512093126773834,108.0,133.0,0.3456385135650635,116.0,167.0,0.6740521192550659,106.0,148.0,0.3284488916397095,130.0,225.0,0.6534887552261353,158.0,176.0,0.6100012063980103
26,620,308,703,414,554,400,672,584,91.0,33.0,0.778312623500824,98.0,26.0,0.7631518840789795,86.0,26.0,0.7689499258995056,108.0,30.0,0.765871524810791,76.0,29.0,0.829623281955719,124.0,60.0,0.6598440408706665,55.0,59.0,0.7037543058395386,137.0,95.0,0.6801256537437439,41.0,91.0,0.7188127636909485,141.0,125.0,0.7366402745246887,31.0,123.0,0.6719383001327515,109.0,124.0,0.623687207698822,65.0,125.0,0.5998464226722717,134.0,167.0,0.6252132058143616,42.0,166.0,0.6136549711227417,152.0,211.0,0.7171995639801025,27.0,207.0,0.6822255849838257,81.0,25.0,0.8924844861030579,91.0,22.0,0.899588406085968,83.0,20.0,0.8070468306541443,113.0,33.0,0.8458328247070312,112.0,37.0,0.3297748565673828,146.0,68.0,0.5832213163375854,67.0,62.0,0.6148532629013062,179.0,102.0,0.6979362964630127,47.0,91.0,0.6626654267311096,137.0,133.0,0.7632003426551819,23.0,111.0,0.7118067145347595,145.0,128.0,0.33475878834724426,99.0,133.0,0.35760509967803955,119.0,169.0,0.6631894111633301,124.0,170.0,0.21685579419136047,126.0,227.0,0.6782451272010803,150.0,170.0,0.46413281559944153
27,618,308,699,418,549,403,673,585,89.0,30.0,0.8071410059928894,97.0,24.0,0.7402459383010864,83.0,24.0,0.7634937763214111,106.0,28.0,0.7723457217216492,75.0,27.0,0.8096634149551392,122.0,58.0,0.6524820327758789,53.0,57.0,0.6906706094741821,137.0,91.0,0.6659980416297913,38.0,88.0,0.7076073288917542,141.0,121.0,0.7429131865501404,29.0,117.0,0.6684008240699768,107.0,120.0,0.5996885895729065,63.0,119.0,0.6049179434776306,134.0,160.0,0.5963823199272156,44.0,160.0,0.6087145209312439,156.0,203.0,0.6934646368026733,31.0,200.0,0.6737481355667114,82.0,26.0,0.8996756672859192,91.0,22.0,0.9171975255012512,83.0,20.0,0.8708826899528503,112.0,33.0,0.8592557311058044,85.0,24.0,0.2729339599609375,143.0,68.0,0.590295135974884,68.0,62.0,0.59686279296875,181.0,100.0,0.7340225577354431,43.0,91.0,0.6343438029289246,145.0,133.0,0.7798765897750854,20.0,110.0,0.6093875169754028,132.0,129.0,0.30333903431892395,91.0,133.0,0.35913845896720886,119.0,171.0,0.6700993180274963,110.0,167.0,0.32391253113746643,126.0,227.0,0.6680858135223389,143.0,169.0,0.4869857430458069
28,616,307,695,415,545,406,672,585,85.0,33.0,0.7474660873413086,94.0,26.0,0.7068268656730652,80.0,26.0,0.7413762211799622,104.0,32.0,0.7366430163383484,71.0,29.0,0.7893497347831726,119.0,61.0,0.6642013192176819,51.0,57.0,0.6746954917907715,135.0,95.0,0.6490535736083984,35.0,91.0,0.7097678184509277,141.0,126.0,0.7131069302558899,26.0,121.0,0.6678762435913086,106.0,124.0,0.5893641114234924,61.0,123.0,0.5817497968673706,133.0,167.0,0.5807555913925171,45.0,165.0,0.594170093536377,159.0,208.0,0.6980695724487305,37.0,205.0,0.6928785443305969,81.0,25.0,0.9120513200759888,89.0,22.0,0.9046494960784912,83.0,19.0,0.8786797523498535,112.0,32.0,0.8665123581886292,85.0,24.0,0.28670379519462585,139.0,65.0,0.6165808439254761,64.0,60.0,0.6179760694503784,181.0,96.0,0.7506604194641113,39.0,87.0,0.6013228893280029,150.0,134.0,0.7662598490715027,21.0,105.0,0.572590708732605,130.0,128.0,0.3505988121032715,83.0,133.0,0.3491725027561188,119.0,171.0,0.6355710029602051,88.0,169.0,0.5785289406776428,127.0,227.0,0.6797739267349243,136.0,179.0,0.3755520284175873
29,616,307,688,409,542,407,667,586,85.0,33.0,0.7317033410072327,94.0,26.0,0.6902976036071777,79.0,26.0,0.7253088355064392,106.0,32.0,0.7182576656341553,68.0,30.0,0.7874965667724609,122.0,63.0,0.6159252524375916,47.0,60.0,0.656694233417511,140.0,100.0,0.6313390135765076,32.0,96.0,0.6469199657440186,145.0,133.0,0.6925568580627441,21.0,127.0,0.6081957817077637,106.0,132.0,0.5286949872970581,59.0,131.0,0.5295688509941101,133.0,176.0,0.5319309234619141,45.0,174.0,0.5256580114364624,164.0,219.0,0.6652265191078186,40.0,216.0,0.6639444828033447,78.0,26.0,0.9244788289070129,88.0,22.0,0.9105715751647949,81.0,21.0,0.8461347818374634,112.0,32.0,0.8020597696304321,113.0,34.0,0.27141106128692627,139.0,65.0,0.6293638348579407,63.0,61.0,0.5911174416542053,183.0,101.0,0.7600589394569397,35.0,87.0,0.6166689395904541,155.0,136.0,0.7899609804153442,18.0,100.0,0.6130009293556213,130.0,132.0,0.28780391812324524,77.0,133.0,0.2931074798107147,125.0,175.0,0.49425074458122253,72.0,174.0,0.6059086918830872,133.0,225.0,0.6707338690757751,109.0,147.0,0.16739961504936218
30,613,307,683,408,540,407,662,585,85.0,33.0,0.6892831325531006,94.0,26.0,0.6440962553024292,80.0,24.0,0.6854532957077026,106.0,30.0,0.7135343551635742,69.0,29.0,0.7812420725822449,126.0,62.0,0.6067142486572266,49.0,59.0,0.6505911946296692,142.0,100.0,0.6373688578605652,32.0,96.0,0.6688141226768494,145.0,133.0,0.6916713714599609,21.0,127.0,0.626742959022522,109.0,132.0,0.533356249332428,63.0,133.0,0.528388261795044,133.0,176.0,0.5545664429664612,47.0,176.0,0.5453423857688904,165.0,220.0,0.6680895686149597,49.0,217.0,0.6425539255142212,75.0,27.0,0.9234684705734253,84.0,23.0,0.9047631621360779,75.0,22.0,0.8245469331741333,110.0,34.0,0.7766015529632568,110.0,37.0,0.3298667073249817,140.0,68.0,0.6161404848098755,56.0,64.0,0.5558562278747559,182.0,104.0,0.7404568195343018,32.0,84.0,0.4091958999633789,156.0,139.0,0.7484229207038879,20.0,95.0,0.5618922114372253,129.0,128.0,0.4065065085887909,77.0,129.0,0.37482064962387085,123.0,181.0,0.5838699340820312,56.0,182.0,0.7077434062957764,137.0,225.0,0.6581441760063171,104.0,179.0,0.6396492123603821
31,609,307,677,406,533,408,656,585,93.0,33.0,0.6652374267578125,101.0,24.0,0.6373444199562073,85.0,24.0,0.683225154876709,114.0,30.0,0.7049053311347961,75.0,28.0,0.7603511810302734,132.0,62.0,0.6040596961975098,56.0,60.0,0.6582223176956177,151.0,100.0,0.6379726529121399,36.0,96.0,0.6588590145111084,155.0,135.0,0.6843356490135193,23.0,129.0,0.6450495719909668,117.0,132.0,0.5379580855369568,69.0,133.0,0.5326893329620361,138.0,179.0,0.5765589475631714,59.0,180.0,0.545901894569397,167.0,224.0,0.6568610072135925,59.0,223.0,0.6694789528846741,75.0,27.0,0.9250614643096924,86.0,24.0,0.8825932145118713,79.0,21.0,0.8365764021873474,114.0,34.0,0.7908965945243835,116.0,37.0,0.3134554922580719,143.0,66.0,0.6266767382621765,60.0,62.0,0.5726137161254883,185.0,104.0,0.7337141633033752,16.0,96.0,0.3911704421043396,160.0,139.0,0.7506604194641113,19.0,95.0,0.5886790752410889,130.0,128.0,0.4124538004398346,79.0,129.0,0.3806857466697693,129.0,184.0,0.6428590416908264,48.0,184.0,0.6687971949577332,145.0,225.0,0.6405426859855652,96.0,191.0,0.741339385509491
32,606,306,671,414,528,408,653,586,97.0,31.0,0.6403657793998718,105.0,24.0,0.6343963146209717,89.0,22.0,0.6752082109451294,118.0,28.0,0.6310067176818848,79.0,29.0,0.7238273620605469,139.0,60.0,0.5795217752456665,60.0,60.0,0.6233726739883423,159.0,93.0,0.5510956645011902,39.0,91.0,0.6279878616333008,165.0,124.0,0.638503909111023,23.0,121.0,0.6242990493774414,125.0,124.0,0.5011714100837708,77.0,125.0,0.5107967853546143,137.0,164.0,0.5217993259429932,70.0,166.0,0.4771692752838135,167.0,207.0,0.6585500836372375,71.0,204.0,0.6534256339073181,73.0,29.0,0.9004934430122375,82.0,26.0,0.8649011254310608,73.0,23.0,0.8549474477767944,110.0,34.0,0.8287654519081116,111.0,37.0,0.2964455485343933,141.0,68.0,0.6160332560539246,60.0,62.0,0.5330072641372681,181.0,105.0,0.7063091993331909,12.0,93.0,0.4306451082229614,156.0,138.0,0.7289271354675293,19.0,91.0,0.4797040820121765,125.0,128.0,0.43042612075805664,73.0,129.0,0.40329018235206604,128.0,188.0,0.6354395151138306,43.0,184.0,0.6685830354690552,151.0,225.0,0.6425222754478455,83.0,204.0,0.6980174779891968
33,603,306,665,421,518,409,647,592,101.0,30.0,0.6352213025093079,111.0,20.0,0.6340705752372742,94.0,20.0,0.6640520691871643,126.0,26.0,0.5997084975242615,83.0,27.0,0.6893802285194397,146.0,58.0,0.5364335775375366,63.0,57.0,0.5876011848449707,169.0,88.0,0.5063608288764954,41.0,87.0,0.6236351132392883,171.0,116.0,0.6032426953315735,25.0,115.0,0.5686757564544678,130.0,118.0,0.458554744720459,85.0,120.0,0.48444145917892456,141.0,155.0,0.47372907400131226,78.0,154.0,0.3931504487991333,165.0,193.0,0.6165838241577148,83.0,192.0,0.6598336100578308,75.0,29.0,0.917484700679779,85.0,25.0,0.8757284283638,75.0,23.0,0.8633522391319275,111.0,33.0,0.8345198035240173,112.0,37.0,0.24328596889972687,143.0,68.0,0.6248094439506531,62.0,62.0,0.5176394581794739,183.0,103.0,0.7188680768013,12.0,89.0,0.6285895109176636,156.0,135.0,0.755972683429718,27.0,85.0,0.4528830349445343,125.0,128.0,0.42670270800590515,73.0,125.0,0.4238283932209015,132.0,184.0,0.678709089756012,41.0,180.0,0.6606830954551697,159.0,217.0,0.674123227596283,67.0,216.0,0.7656033635139465
34,601,306,658,422,507,412,642,602,109.0,31.0,0.5007790923118591,119.0,20.0,0.4727564752101898,101.0,20.0,0.5169581770896912,138.0,26.0,0.5500093698501587,89.0,27.0,0.6175393462181091,158.0,58.0,0.4820674657821655,69.0,57.0,0.5137935280799866,185.0,88.0,0.35292747616767883,45.0,87.0,0.49055150151252747,187.0,116.0,0.41053256392478943,25.0,115.0,0.44248369336128235,145.0,120.0,0.3061506450176239,92.0,120.0,0.37486666440963745,156.0,156.0,0.2262180745601654,93.0,156.0,0.19327643513679504,164.0,192.0,0.4714864194393158,96.0,192.0,0.5320867300033569,76.0,28.0,0.9066454768180847,85.0,23.0,0.8954337239265442,77.0,21.0,0.8419829607009888,111.0,30.0,0.8513546586036682,82.0,24.0,0.2659755349159241,143.0,64.0,0.6250395178794861,63.0,58.0,0.553680419921875,179.0,97.0,0.7305171489715576,12.0,81.0,0.6748828291893005,153.0,129.0,0.7503511905670166,35.0,81.0,0.5616475939750671,122.0,122.0,0.43446844816207886,72.0,121.0,0.4380965828895569,138.0,178.0,0.6916093826293945,45.0,169.0,0.657378077507019,165.0,205.0,0.6588318943977356,51.0,223.0,0.7227599620819092
35,600,306,655,421,496,414,636,605,109.0,31.0,0.538303554058075,119.0,20.0,0.52141934633255,99.0,20.0,0.5543872117996216,138.0,28.0,0.5366281867027283,87.0,27.0,0.6211541891098022,162.0,58.0,0.4416021704673767,67.0,59.0,0.4886951446533203,189.0,91.0,0.35429003834724426,41.0,88.0,0.49069470167160034,190.0,118.0,0.45015689730644226,22.0,116.0,0.45630183815956116,146.0,124.0,0.25185346603393555,92.0,124.0,0.3149237334728241,161.0,166.0,0.33613747358322144,89.0,155.0,0.11882099509239197,157.0,197.0,0.327947735786438,103.0,195.0,0.4191274344921112,79.0,29.0,0.9189127087593079,87.0,24.0,0.8940209746360779,79.0,23.0,0.8683814406394958,112.0,32.0,0.8545094132423401,112.0,33.0,0.25251683592796326,145.0,66.0,0.631973147392273,66.0,58.0,0.5696933269500732,179.0,99.0,0.7193073034286499,14.0,80.0,0.7221616506576538,151.0,131.0,0.7569138407707214,36.0,82.0,0.6358528733253479,122.0,124.0,0.41724154353141785,73.0,124.0,0.4211806058883667,140.0,180.0,0.7267606258392334,48.0,174.0,0.6595467329025269,168.0,198.0,0.6444298624992371,36.0,232.0,0.7279340624809265
36,597,306,654,420,486,416,632,613,107.0,31.0,0.5607056021690369,117.0,20.0,0.5368227958679199,98.0,20.0,0.5769401788711548,134.0,26.0,0.5422086715698242,87.0,27.0,0.6445534229278564,158.0,58.0,0.49219799041748047,69.0,57.0,0.5325912833213806,185.0,88.0,0.43289002776145935,44.0,88.0,0.559481143951416,187.0,116.0,0.544253945350647,25.0,118.0,0.5158249139785767,142.0,122.0,0.3546740412712097,97.0,122.0,0.42119938135147095,137.0,156.0,0.28691935539245605,93.0,150.0,0.2753390371799469,142.0,197.0,0.5495519638061523,104.0,195.0,0.6010493040084839,79.0,31.0,0.9438132047653198,87.0,26.0,0.903705894947052,79.0,26.0,0.8568026423454285,112.0,32.0,0.85960853099823,84.0,28.0,0.24236075580120087,145.0,68.0,0.6158788800239563,68.0,60.0,0.6002402901649475,177.0,100.0,0.7048327922821045,15.0,80.0,0.7813929915428162,148.0,132.0,0.7752041220664978,39.0,84.0,0.7115439772605896,122.0,124.0,0.40111011266708374,75.0,125.0,0.4117012023925781,139.0,178.0,0.7347044944763184,51.0,175.0,0.6627421975135803,167.0,190.0,0.6964144110679626,32.0,228.0,0.7335946559906006
37,595,306,653,417,477,423,628,623,105.0,32.0,0.494953453540802,115.0,22.0,0.45087096095085144,95.0,24.0,0.4669684171676636,134.0,28.0,0.5287172794342041,85.0,29.0,0.5757520198822021,158.0,59.0,0.46783000230789185,68.0,60.0,0.5249630212783813,187.0,91.0,0.4232400357723236,45.0,91.0,0.5536947846412659,186.0,116.0,0.5350281000137329,25.0,121.0,0.5137479305267334,145.0,124.0,0.3311347961425781,97.0,126.0,0.39399152994155884,137.0,164.0,0.26986050605773926,98.0,160.0,0.18774227797985077,134.0,207.0,0.4205683469772339,107.0,203.0,0.4297284483909607,79.0,29.0,0.9229418039321899,85.0,24.0,0.911636233329773,78.0,24.0,0.8412263989448547,111.0,29.0,0.8477765321731567,112.0,33.0,0.250653475522995,142.0,62.0,0.5692424774169922,68.0,56.0,0.6444594860076904,173.0,98.0,0.7192849516868591,15.0,77.0,0.7921433448791504,143.0,131.0,0.7848895788192749,41.0,85.0,0.6782260537147522,122.0,124.0,0.4230280816555023,75.0,125.0,0.4429251253604889,138.0,176.0,0.7078391313552856,52.0,174.0,0.6756327152252197,163.0,179.0,0.7272313237190247,32.0,226.0,0.7147722840309143
38,593,306,653,416,470,429,626,634,101.0,32.0,0.5035171508789062,110.0,24.0,0.4881865382194519,91.0,24.0,0.5210064649581909,126.0,28.0,0.5538665056228638,81.0,29.0,0.6087439060211182,151.0,60.0,0.5279271602630615,67.0,60.0,0.5642563700675964,178.0,92.0,0.48775750398635864,45.0,91.0,0.6147420406341553,181.0,120.0,0.6342151165008545,27.0,121.0,0.5783423781394958,138.0,124.0,0.40389594435691833,94.0,126.0,0.4691949784755707,129.0,164.0,0.3775860071182251,101.0,165.0,0.31778526306152344,120.0,207.0,0.5510655045509338,104.0,205.0,0.4421564042568207,73.0,31.0,0.9429688453674316,80.0,26.0,0.9012504816055298,73.0,25.0,0.8492470383644104,106.0,29.0,0.8642898797988892,104.0,33.0,0.29387331008911133,137.0,62.0,0.6155515313148499,64.0,56.0,0.6828935742378235,167.0,97.0,0.7048506140708923,13.0,76.0,0.8193724751472473,137.0,131.0,0.794049084186554,35.0,87.0,0.7408698201179504,118.0,124.0,0.4388258755207062,72.0,124.0,0.4484565258026123,134.0,172.0,0.7106801867485046,49.0,173.0,0.6794793605804443,156.0,170.0,0.7462795972824097,36.0,226.0,0.6481027603149414
39,592,306,649,410,462,435,622,645,101.0,35.0,0.515699028968811,113.0,24.0,0.5088040828704834,94.0,24.0,0.5536882877349854,130.0,30.0,0.5508806109428406,84.0,31.0,0.5960291624069214,155.0,61.0,0.501912534236908,69.0,63.0,0.5595191717147827,187.0,95.0,0.5114296674728394,45.0,96.0,0.5984417200088501,188.0,124.0,0.6791105270385742,27.0,129.0,0.5833559632301331,142.0,130.0,0.3721455931663513,97.0,132.0,0.4346870183944702,129.0,172.0,0.31651729345321655,108.0,173.0,0.25264158844947815,125.0,217.0,0.3743719160556793,117.0,217.0,0.3749496638774872,70.0,32.0,0.9268110394477844,77.0,27.0,0.9098631143569946,69.0,27.0,0.8542522192001343,102.0,30.0,0.8608250021934509,100.0,33.0,0.3369159400463104,134.0,63.0,0.6308867335319519,64.0,58.0,0.6853575706481934,163.0,99.0,0.7500722408294678,11.0,79.0,0.8461611866950989,135.0,133.0,0.8141835927963257,36.0,95.0,0.7847235798835754,114.0,126.0,0.4474518299102783,68.0,124.0,0.4182536005973816,136.0,172.0,0.6883890628814697,52.0,170.0,0.6728706955909729,155.0,161.0,0.7765286564826965,39.0,227.0,0.6452127695083618
40,591,306,646,409,453,444,617,648,103.0,35.0,0.5192729830741882,113.0,24.0,0.49619561433792114,94.0,24.0,0.5337473750114441,132.0,31.0,0.5178186297416687,84.0,31.0,0.5598346590995789,158.0,62.0,0.4812755286693573,68.0,64.0,0.5474086403846741,186.0,96.0,0.48160868883132935,46.0,99.0,0.5935487151145935,188.0,128.0,0.6524096727371216,29.0,133.0,0.5749127268791199,146.0,132.0,0.3571931719779968,100.0,132.0,0.42554229497909546,137.0,176.0,0.3800545930862427,107.0,177.0,0.3573460578918457,137.0,215.0,0.48127928376197815,105.0,221.0,0.49499550461769104,68.0,32.0,0.9330220818519592,74.0,26.0,0.9211616516113281,67.0,26.0,0.8673228621482849,98.0,28.0,0.8662859201431274,98.0,31.0,0.339860737323761,133.0,62.0,0.6823903322219849,63.0,59.0,0.6804136633872986,161.0,101.0,0.7098981142044067,11.0,80.0,0.8564189076423645,136.0,137.0,0.8083819150924683,29.0,103.0,0.7907622456550598,113.0,124.0,0.4666573107242584,69.0,124.0,0.4346754550933838,138.0,174.0,0.6720901131629944,50.0,168.0,0.6942191123962402,155.0,159.0,0.8003153800964355,44.0,227.0,0.6911693811416626
41,591,307,644,409,447,449,613,648,101.0,35.0,0.4413485825061798,111.0,24.0,0.41635745763778687,91.0,24.0,0.4516640305519104,134.0,30.0,0.5060961842536926,80.0,32.0,0.5158376693725586,158.0,62.0,0.45504847168922424,67.0,63.0,0.5124689936637878,187.0,95.0,0.44560888409614563,44.0,96.0,0.5661354064941406,190.0,127.0,0.5960771441459656,26.0,132.0,0.5442864894866943,146.0,132.0,0.3215053379535675,96.0,132.0,0.39978864789009094,133.0,176.0,0.33684220910072327,103.0,177.0,0.27353206276893616,138.0,215.0,0.3923256993293762,99.0,221.0,0.4626944661140442,65.0,35.0,0.9481229782104492,70.0,28.0,0.911108672618866,63.0,28.0,0.8532831072807312,96.0,30.0,0.8603221774101257,96.0,33.0,0.3719121813774109,131.0,64.0,0.6819434762001038,63.0,62.0,0.6887373328208923,161.0,104.0,0.7310847640037537,11.0,85.0,0.8194050788879395,139.0,141.0,0.7926256060600281,15.0,115.0,0.7942680716514587,110.0,128.0,0.4565301537513733,68.0,124.0,0.47929492592811584,138.0,180.0,0.6499441862106323,52.0,166.0,0.674617350101471,155.0,159.0,0.7707304358482361,51.0,227.0,0.6968253254890442
42,590,306,642,409,421,456,602,648,101.0,35.0,0.5074247121810913,113.0,24.0,0.5242139101028442,93.0,24.0,0.5425935387611389,133.0,30.0,0.49362170696258545,80.0,33.0,0.5758861899375916,158.0,62.0,0.4257713258266449,67.0,65.0,0.5071310997009277,187.0,95.0,0.4261215925216675,45.0,99.0,0.557446300983429,190.0,130.0,0.5582351088523865,25.0,135.0,0.5360867977142334,149.0,132.0,0.30336466431617737,96.0,132.0,0.36743173003196716,129.0,176.0,0.27337729930877686,107.0,177.0,0.23449353873729706,142.0,217.0,0.24476969242095947,96.0,223.0,0.3289957344532013,79.0,35.0,0.9374775290489197,83.0,28.0,0.9361149668693542,79.0,29.0,0.8613648414611816,106.0,30.0,0.8852869272232056,106.0,33.0,0.329000324010849,144.0,62.0,0.7054247260093689,79.0,62.0,0.6991346478462219,169.0,104.0,0.8052288889884949,37.0,88.0,0.766131579875946,153.0,144.0,0.8038403987884521,15.0,125.0,0.8318115472793579,127.0,128.0,0.46722477674484253,84.0,124.0,0.5001549124717712,147.0,184.0,0.6480745673179626,71.0,165.0,0.7419455051422119,165.0,161.0,0.7417645454406738,75.0,224.0,0.6936066746711731
43,589,307,641,409,392,460,597,648,101.0,32.0,0.46158865094184875,111.0,22.0,0.48947182297706604,91.0,24.0,0.5089654326438904,130.0,29.0,0.518655002117157,80.0,29.0,0.574335515499115,158.0,62.0,0.416091650724411,67.0,65.0,0.5118135809898376,187.0,95.0,0.44521453976631165,45.0,97.0,0.5409828424453735,188.0,128.0,0.5903658270835876,27.0,133.0,0.5160751342773438,145.0,132.0,0.31051748991012573,93.0,133.0,0.37738585472106934,121.0,176.0,0.2915900647640228,109.0,180.0,0.24031659960746765,97.0,225.0,0.3270013630390167,92.0,224.0,0.22237758338451385,91.0,36.0,0.9473804235458374,94.0,30.0,0.9400573968887329,90.0,30.0,0.8693569898605347,114.0,30.0,0.8974487781524658,114.0,33.0,0.36349350214004517,150.0,62.0,0.770891547203064,91.0,65.0,0.741722047328949,175.0,104.0,0.785345196723938,56.0,100.0,0.7752724289894104,163.0,145.0,0.8037518858909607,19.0,137.0,0.7662858366966248,139.0,128.0,0.5156304836273193,100.0,125.0,0.5355639457702637,150.0,189.0,0.6908476948738098,89.0,164.0,0.7825981974601746,168.0,163.0,0.8027173280715942,92.0,224.0,0.7058515548706055
44,588,307,640,409,382,463,589,647,101.0,32.0,0.4866364002227783,111.0,22.0,0.514138400554657,91.0,24.0,0.5306290984153748,130.0,28.0,0.5222995281219482,80.0,29.0,0.5843421220779419,155.0,61.0,0.42200154066085815,67.0,65.0,0.5118661522865295,187.0,95.0,0.4354041814804077,45.0,97.0,0.5302501916885376,190.0,130.0,0.5750587582588196,26.0,132.0,0.5162931084632874,141.0,134.0,0.3206433653831482,92.0,136.0,0.38191595673561096,125.0,184.0,0.31792768836021423,107.0,180.0,0.2468118667602539,95.0,227.0,0.4243212342262268,147.0,215.0,0.3247831165790558,92.0,38.0,0.9328595399856567,95.0,31.0,0.9308075308799744,91.0,31.0,0.8849653601646423,116.0,31.0,0.8986212015151978,114.0,34.0,0.3380817472934723,151.0,61.0,0.7532577514648438,96.0,68.0,0.709856390953064,181.0,104.0,0.7742461562156677,61.0,106.0,0.7532079219818115,171.0,147.0,0.8276225328445435,21.0,137.0,0.7559033632278442,145.0,128.0,0.5161325335502625,108.0,125.0,0.5312457084655762,155.0,194.0,0.6811190843582153,97.0,164.0,0.7863264679908752,172.0,169.0,0.6312747001647949,100.0,224.0,0.7074251174926758
